ID,POSITIVE,NEUTRAL,NEGATIVE,COMPUND 
54,0.0,1.0,0.0,0.0
64,0.0,1.0,0.0,0.0
80,0.0,0.682,0.318,-0.493
134,0.0,0.618,0.382,-0.4754
138,0.0,1.0,0.0,0.0
156,0.0,0.647,0.353,-0.2924
173,0.0,0.877,0.123,-0.1027
215,0.0,1.0,0.0,0.0
223,0.0,1.0,0.0,0.0
251,0.126,0.611,0.263,-0.5574
296,0.0,1.0,0.0,0.0
352,0.342,0.38,0.278,0.128
368,0.0,1.0,0.0,0.0
369,0.0,1.0,0.0,0.0
382,0.26,0.417,0.323,-0.1531
383,0.236,0.566,0.198,0.1027
384,0.0,0.882,0.118,-0.1531
419,0.329,0.244,0.427,-0.2023
472,0.0,1.0,0.0,0.0
490,0.0,1.0,0.0,0.0
541,0.0,0.55,0.45,-0.5994
709,0.274,0.726,0.0,0.6476
751,0.0,1.0,0.0,0.0
773,0.0,1.0,0.0,0.0
821,0.0,0.392,0.608,-0.4767
894,0.231,0.592,0.177,0.0015
895,0.083,0.917,0.0,0.4391
896,0.231,0.769,0.0,0.6597
898,0.0,1.0,0.0,0.0
944,0.106,0.894,0.0,0.0772
962,0.0,0.5,0.5,-0.25
976,0.0,0.762,0.238,-0.6115
1020,0.0,1.0,0.0,0.0
1021,0.0,1.0,0.0,0.0
1105,0.0,1.0,0.0,0.0
1120,0.483,0.517,0.0,0.7615
1173,0.0,0.596,0.404,-0.5256
1298,0.456,0.38,0.165,0.5574
1438,0.0,1.0,0.0,0.0
1610,0.215,0.579,0.207,0.0258
1623,0.0,0.753,0.247,-0.3182
1637,0.0,0.774,0.226,-0.3875
1724,0.0,0.813,0.187,-0.3182
1816,0.0,0.703,0.297,-0.7469
1909,0.0,0.795,0.205,-0.4767
1910,0.0,1.0,0.0,0.0
1917,0.126,0.874,0.0,0.3818
1918,0.0,0.895,0.105,-0.4019
1927,0.0,0.465,0.535,-0.3182
1969,0.292,0.708,0.0,0.4391
1970,0.512,0.488,0.0,0.4939
2003,0.084,0.714,0.201,-0.4215
2278,0.0,1.0,0.0,0.0
2280,0.0,1.0,0.0,0.0
2281,0.0,1.0,0.0,0.0
2319,0.0,1.0,0.0,0.0
2320,0.0,1.0,0.0,0.0
2359,0.0,0.962,0.038,-0.0516
2360,0.048,0.897,0.054,0.1742
2361,0.0,1.0,0.0,0.0
2416,0.0,1.0,0.0,0.0
2417,0.342,0.658,0.0,0.3818
2427,0.091,0.909,0.0,0.3612
2432,0.0,0.555,0.445,-0.3412
2650,0.222,0.778,0.0,0.2144
2663,0.0,1.0,0.0,0.0
2678,0.0,0.645,0.355,-0.296
2696,0.273,0.505,0.222,0.128
2874,0.174,0.826,0.0,0.2755
2875,0.197,0.803,0.0,0.4019
2891,0.0,1.0,0.0,0.0
2897,0.106,0.745,0.149,-0.1793
2902,0.124,0.876,0.0,0.1779
2903,0.249,0.622,0.13,0.3182
2905,0.0,0.95,0.05,-0.1603
2910,0.0,0.843,0.157,-0.5096
2911,0.0,0.874,0.126,-0.5574
2912,0.0,0.886,0.114,-0.4019
2913,0.0,0.756,0.244,-0.6369
2915,0.035,0.929,0.037,-0.0258
2917,0.299,0.701,0.0,0.5719
2922,0.469,0.531,0.0,0.7239
2923,0.365,0.466,0.17,0.3645
2925,0.064,0.846,0.09,-0.2212
2928,0.21,0.79,0.0,0.5994
2930,0.388,0.612,0.0,0.2263
2936,0.132,0.735,0.132,0.0
2940,0.0,1.0,0.0,0.0
2944,0.343,0.657,0.0,0.743
2946,0.503,0.497,0.0,0.7245
2947,0.245,0.755,0.0,0.0772
2948,0.405,0.595,0.0,0.5267
2956,0.208,0.792,0.0,0.6124
2960,0.106,0.787,0.106,0.0
2961,0.0,1.0,0.0,0.0
2962,0.139,0.861,0.0,0.2732
2963,0.064,0.766,0.17,-0.3612
2964,0.697,0.303,0.0,0.3182
2965,0.164,0.667,0.17,-0.0258
2973,0.191,0.638,0.171,0.0757
2974,0.241,0.759,0.0,0.5423
2975,0.13,0.87,0.0,0.4019
2982,0.308,0.481,0.212,0.25
2986,0.27,0.73,0.0,0.4019
2989,0.33,0.67,0.0,0.7506
2991,0.153,0.847,0.0,0.5023
2992,0.218,0.687,0.094,0.471
2993,0.216,0.784,0.0,0.5267
2994,0.129,0.715,0.157,-0.1511
2995,0.222,0.778,0.0,0.4588
2996,0.0,0.68,0.32,-0.5093
2997,0.224,0.776,0.0,0.6705
3011,0.0,1.0,0.0,0.0
3012,0.0,0.727,0.273,-0.128
3013,0.203,0.797,0.0,0.3167
3016,0.119,0.746,0.134,-0.0772
3017,0.129,0.803,0.068,0.4973
3026,0.153,0.847,0.0,0.4019
3027,0.137,0.863,0.0,0.4019
3028,0.0,1.0,0.0,0.0
3029,0.073,0.833,0.094,-0.1531
3030,0.0,0.833,0.167,-0.34
3033,0.333,0.563,0.104,0.6469
3040,0.252,0.651,0.098,0.754
3041,0.355,0.453,0.192,0.3673
3045,0.0,0.563,0.437,-0.4767
3046,0.202,0.448,0.35,-0.2481
3053,0.235,0.765,0.0,0.4588
3054,0.195,0.805,0.0,0.1779
3055,0.066,0.849,0.085,-0.128
3057,0.0,1.0,0.0,0.0
3058,0.319,0.681,0.0,0.7579
3069,0.0,0.928,0.072,-0.2732
3070,0.0,1.0,0.0,0.0
3073,0.0,0.808,0.192,-0.2263
3074,0.0,0.741,0.259,-0.1027
3077,0.306,0.694,0.0,0.6486
3078,0.143,0.741,0.116,0.128
3079,0.308,0.692,0.0,0.5994
3083,0.663,0.337,0.0,0.7096
3084,0.126,0.748,0.126,0.0
3085,0.164,0.742,0.094,0.2911
3086,0.451,0.549,0.0,0.7125
3091,0.075,0.925,0.0,0.1779
3092,0.153,0.847,0.0,0.4404
3093,0.0,0.811,0.189,-0.4215
3094,0.0,0.864,0.136,-0.5096
3095,0.0,0.641,0.359,-0.4215
3115,0.22,0.687,0.093,0.4005
3116,0.174,0.826,0.0,0.6697
3117,0.231,0.769,0.0,0.4588
3119,0.247,0.639,0.114,0.4404
3122,0.119,0.752,0.128,-0.0516
3123,0.137,0.863,0.0,0.4019
3124,0.235,0.765,0.0,0.5574
3125,0.0,1.0,0.0,0.0
3126,0.195,0.805,0.0,0.4404
3127,0.393,0.607,0.0,0.8126
3128,0.137,0.708,0.155,-0.0956
3129,0.0,1.0,0.0,0.0
3130,0.186,0.641,0.173,0.0516
3131,0.0,0.828,0.172,-0.4019
3132,0.157,0.843,0.0,0.3818
3133,0.155,0.845,0.0,0.5267
3134,0.122,0.878,0.0,0.2023
3135,0.097,0.903,0.0,0.4019
3136,0.0,1.0,0.0,0.0
3139,0.49,0.51,0.0,0.5927
3140,0.524,0.476,0.0,0.8779
3141,0.146,0.712,0.142,0.0258
3142,0.387,0.613,0.0,0.802
3143,0.188,0.812,0.0,0.624
3147,0.0,0.825,0.175,-0.3713
3148,0.063,0.87,0.067,-0.0258
3149,0.34,0.66,0.0,0.7351
3150,0.0,0.904,0.096,-0.5106
3154,0.0,1.0,0.0,0.0
3159,0.0,0.906,0.094,-0.3612
3163,0.119,0.881,0.0,0.4019
3164,0.0,0.859,0.141,-0.4215
3165,0.263,0.737,0.0,0.3612
3168,0.159,0.841,0.0,0.1779
3169,0.0,1.0,0.0,0.0
3174,0.815,0.185,0.0,0.6588
3175,0.137,0.863,0.0,0.4019
3177,0.0,1.0,0.0,0.0
3178,0.0,1.0,0.0,0.0
3179,0.0,0.781,0.219,-0.7096
3180,0.144,0.856,0.0,0.4019
3181,0.13,0.87,0.0,0.2732
3182,0.0,0.681,0.319,-0.7579
3183,0.305,0.695,0.0,0.9062
3184,0.0,0.847,0.153,-0.4019
3192,0.291,0.709,0.0,0.872
3199,0.0,1.0,0.0,0.0
3201,0.317,0.683,0.0,0.4767
3202,0.0,0.891,0.109,-0.0572
3205,0.455,0.545,0.0,0.9161
3206,0.126,0.735,0.138,-0.1027
3208,0.124,0.876,0.0,0.4019
3212,0.16,0.84,0.0,0.2263
3231,0.129,0.871,0.0,0.4588
3235,0.269,0.731,0.0,0.7964
3240,0.201,0.799,0.0,0.1298
3241,0.415,0.585,0.0,0.7269
3242,0.264,0.736,0.0,0.6164
3246,0.116,0.884,0.0,0.3612
3247,0.0,0.787,0.213,-0.4019
3255,0.181,0.819,0.0,0.7755
3258,0.261,0.739,0.0,0.5574
3259,0.075,0.925,0.0,0.1154
3262,0.074,0.926,0.0,0.4019
3263,0.262,0.738,0.0,0.4939
3266,0.286,0.606,0.108,0.4767
3271,0.412,0.588,0.0,0.7717
3278,0.094,0.906,0.0,0.4019
3284,0.286,0.601,0.113,0.5334
3286,0.0,1.0,0.0,0.0
3287,0.072,0.928,0.0,0.1779
3288,0.0,1.0,0.0,0.0
3291,0.116,0.884,0.0,0.1779
3292,0.073,0.846,0.082,-0.0772
3293,0.0,1.0,0.0,0.0
3295,0.154,0.846,0.0,0.6453
3312,0.093,0.907,0.0,0.2144
3313,0.0,1.0,0.0,0.0
3317,0.0,0.848,0.152,-0.7089
3324,0.0,1.0,0.0,0.0
3325,0.252,0.748,0.0,0.4019
3326,0.0,0.8,0.2,-0.4576
3343,0.197,0.655,0.148,0.169
3344,0.0,0.851,0.149,-0.1027
3345,0.0,1.0,0.0,0.0
3349,0.0,1.0,0.0,0.0
3350,0.0,1.0,0.0,0.0
3351,0.189,0.734,0.077,0.4939
3360,0.159,0.628,0.213,-0.3182
3361,0.0,0.694,0.306,-0.8316
3363,0.164,0.658,0.178,-0.0516
3364,0.451,0.549,0.0,0.6249
3365,0.0,0.909,0.091,-0.1027
3366,0.0,0.735,0.265,-0.5709
3377,0.179,0.652,0.168,0.0516
3378,0.318,0.682,0.0,0.6808
3379,0.176,0.824,0.0,0.5046
3387,0.196,0.629,0.175,0.0772
3395,0.183,0.817,0.0,0.5719
3401,0.0,1.0,0.0,0.0
3404,0.119,0.738,0.143,-0.1513
3410,0.0,1.0,0.0,0.0
3412,0.396,0.604,0.0,0.7828
3415,0.328,0.672,0.0,0.5267
3416,0.214,0.786,0.0,0.6652
3419,0.0,1.0,0.0,0.0
3425,0.213,0.787,0.0,0.4019
3428,0.688,0.312,0.0,0.5267
3435,0.0,1.0,0.0,0.0
3439,0.11,0.794,0.096,0.2617
3440,0.0,1.0,0.0,0.0
3442,0.0,1.0,0.0,0.0
3443,0.0,0.672,0.328,-0.3447
3444,0.1,0.9,0.0,0.4404
3445,0.082,0.918,0.0,0.0191
3446,0.0,1.0,0.0,0.0
3447,0.0,1.0,0.0,0.0
3448,0.0,1.0,0.0,0.0
3452,0.268,0.732,0.0,0.9217
3454,0.366,0.634,0.0,0.6369
3455,0.0,1.0,0.0,0.0
3462,0.2,0.8,0.0,0.128
3463,0.116,0.822,0.062,0.34
3464,0.0,0.905,0.095,-0.296
3465,0.0,1.0,0.0,0.0
3466,0.0,1.0,0.0,0.0
3467,0.0,0.756,0.244,-0.3102
3469,0.0,1.0,0.0,0.0
3475,0.279,0.721,0.0,0.4767
3478,0.177,0.738,0.085,0.4569
3483,0.0,0.853,0.147,-0.3412
3484,0.363,0.637,0.0,0.7501
3486,0.0,0.912,0.088,-0.6597
3490,0.0,1.0,0.0,0.0
3491,0.0,1.0,0.0,0.0
3500,0.0,1.0,0.0,0.0
3501,0.068,0.853,0.079,-0.1027
3510,0.102,0.898,0.0,0.1779
3511,0.28,0.72,0.0,0.8008
3517,0.105,0.895,0.0,0.4019
3526,0.0,1.0,0.0,0.0
3527,0.255,0.745,0.0,0.6249
3540,0.0,1.0,0.0,0.0
3542,0.308,0.692,0.0,0.7635
3546,0.0,0.844,0.156,-0.2144
3547,0.11,0.789,0.101,0.0516
3548,0.0,0.804,0.196,-0.296
3550,0.076,0.804,0.121,-0.25
3551,0.263,0.645,0.092,0.6195
3552,0.0,0.834,0.166,-0.1511
3553,0.064,0.936,0.0,0.1779
3554,0.107,0.893,0.0,0.3818
3555,0.355,0.645,0.0,0.9001
3559,0.273,0.727,0.0,0.8051
3564,0.0,1.0,0.0,0.0
3584,0.137,0.863,0.0,0.4019
3585,0.464,0.536,0.0,0.7778
3601,0.176,0.824,0.0,0.4939
3604,0.173,0.827,0.0,0.3182
3605,0.11,0.86,0.03,0.5446
3608,0.197,0.803,0.0,0.4019
3609,0.13,0.8,0.07,0.3716
3623,0.512,0.488,0.0,0.7425
3632,0.0,0.889,0.111,-0.1877
3633,0.133,0.602,0.265,-0.2732
3634,0.0,0.907,0.093,-0.5256
3635,0.244,0.756,0.0,0.4404
3649,0.0,0.828,0.172,-0.4019
3650,0.0,0.787,0.213,-0.4019
3651,0.137,0.788,0.075,0.2023
3652,0.0,0.816,0.184,-0.4019
3653,0.0,1.0,0.0,0.0
3654,0.0,1.0,0.0,0.0
3655,0.226,0.774,0.0,0.4215
3679,0.213,0.787,0.0,0.4019
3694,0.382,0.618,0.0,0.7783
3695,0.044,0.956,0.0,0.0258
3696,0.156,0.752,0.092,0.2751
3706,0.103,0.897,0.0,0.4588
3715,0.0,0.909,0.091,-0.4019
3728,0.149,0.718,0.133,0.0757
3729,0.0,1.0,0.0,0.0
3730,0.041,0.838,0.121,-0.5559
3731,0.0,1.0,0.0,0.0
3732,0.075,0.925,0.0,0.2732
3733,0.0,0.879,0.121,-0.296
3738,0.231,0.769,0.0,0.4019
3739,0.0,1.0,0.0,0.0
3752,0.124,0.876,0.0,0.1779
3753,0.164,0.667,0.169,-0.024
3754,0.225,0.775,0.0,0.7003
3758,0.06,0.82,0.12,-0.2732
3759,0.0,1.0,0.0,0.0
3764,0.113,0.887,0.0,0.2609
3769,0.228,0.772,0.0,0.6808
3770,0.231,0.769,0.0,0.4019
3771,0.189,0.811,0.0,0.4939
3776,0.0,1.0,0.0,0.0
3777,0.0,0.748,0.252,-0.2585
3778,0.0,1.0,0.0,0.0
3779,0.0,1.0,0.0,0.0
3783,0.0,0.803,0.197,-0.4019
3788,0.0,1.0,0.0,0.0
3789,0.251,0.609,0.14,0.4902
3790,0.267,0.733,0.0,0.4588
3797,0.139,0.722,0.139,0.0
3798,0.0,0.761,0.239,-0.296
3800,0.228,0.772,0.0,0.7096
3801,0.057,0.943,0.0,0.1779
3804,0.096,0.904,0.0,0.1779
3805,0.058,0.828,0.113,-0.4215
3808,0.448,0.552,0.0,0.807
3813,0.225,0.775,0.0,0.4404
3820,0.33,0.67,0.0,0.6597
3821,0.25,0.75,0.0,0.3947
3824,0.0,0.859,0.141,-0.4201
3825,0.0,1.0,0.0,0.0
3826,0.0,0.904,0.096,-0.3252
3827,0.0,0.911,0.089,-0.1695
3828,0.0,0.826,0.174,-0.7313
3833,0.0,1.0,0.0,0.0
3845,0.091,0.835,0.073,-0.0772
3846,0.269,0.731,0.0,0.9118
3847,0.163,0.837,0.0,0.5106
3850,0.0,0.862,0.138,-0.5927
3854,0.411,0.589,0.0,0.4201
3855,0.237,0.763,0.0,0.607
3856,0.211,0.789,0.0,0.4939
3864,0.202,0.685,0.113,0.296
3865,0.061,0.891,0.049,0.0849
3866,0.306,0.694,0.0,0.5267
3871,0.205,0.795,0.0,0.6887
3873,0.197,0.803,0.0,0.4019
3874,0.098,0.804,0.098,0.0
3875,0.067,0.875,0.058,0.088
3879,0.0,1.0,0.0,0.0
3880,0.0,1.0,0.0,0.0
3882,0.111,0.779,0.111,0.0
3883,0.0,1.0,0.0,0.0
3884,0.2,0.8,0.0,0.7579
3887,0.0,1.0,0.0,0.0
3889,0.337,0.663,0.0,0.9408
3894,0.102,0.692,0.206,-0.2839
3895,0.0,0.728,0.272,-0.5216
3898,0.0,0.703,0.297,-0.4522
3899,0.0,1.0,0.0,0.0
3900,0.181,0.819,0.0,0.7245
3904,0.0,1.0,0.0,0.0
3905,0.231,0.769,0.0,0.4019
3923,0.0,0.852,0.148,-0.5719
3926,0.247,0.669,0.084,0.5994
3931,0.0,1.0,0.0,0.0
3940,0.125,0.735,0.14,-0.0516
3952,0.133,0.786,0.081,0.0516
3961,0.159,0.793,0.048,0.6151
3962,0.248,0.752,0.0,0.9442
3976,0.0,1.0,0.0,0.0
3994,0.355,0.645,0.0,0.923
3995,0.0,1.0,0.0,0.0
3997,0.026,0.906,0.069,-0.4939
3998,0.0,0.876,0.124,-0.4019
4004,0.0,1.0,0.0,0.0
4014,0.0,1.0,0.0,0.0
4015,0.0,1.0,0.0,0.0
4016,0.075,0.596,0.329,-0.729
4027,0.255,0.745,0.0,0.6249
4040,0.325,0.675,0.0,0.91
4041,0.184,0.816,0.0,0.4019
4042,0.178,0.731,0.091,0.4091
4044,0.0,0.909,0.091,-0.4019
4047,0.0,1.0,0.0,0.0
4048,0.117,0.8,0.083,0.0378
4049,0.0,0.876,0.124,-0.4019
4050,0.135,0.807,0.057,0.4588
4058,0.0,1.0,0.0,0.0
4059,0.0,0.899,0.101,-0.4019
4062,0.139,0.773,0.087,0.2516
4065,0.281,0.719,0.0,0.5719
4066,0.074,0.926,0.0,0.2144
4070,0.0,0.843,0.157,-0.4215
4071,0.0,1.0,0.0,0.0
4073,0.0,0.68,0.32,-0.5106
4074,0.0,1.0,0.0,0.0
4075,0.0,1.0,0.0,0.0
4076,0.0,0.674,0.326,-0.4404
4091,0.0,0.851,0.149,-0.5423
4092,0.0,1.0,0.0,0.0
4094,0.144,0.856,0.0,0.4019
4095,0.076,0.72,0.205,-0.5267
4096,0.359,0.641,0.0,0.6808
4099,0.312,0.688,0.0,0.7664
4100,0.231,0.657,0.112,0.5588
4104,0.269,0.731,0.0,0.7964
4111,0.0,1.0,0.0,0.0
4121,0.069,0.885,0.046,0.1779
4122,0.237,0.763,0.0,0.4215
4123,0.071,0.847,0.082,-0.1027
4124,0.086,0.914,0.0,0.4767
4125,0.189,0.72,0.091,0.7717
4126,0.0,1.0,0.0,0.0
4138,0.238,0.762,0.0,0.3612
4139,0.429,0.571,0.0,0.8402
4140,0.0,1.0,0.0,0.0
4141,0.325,0.675,0.0,0.6486
4142,0.108,0.892,0.0,0.1779
4143,0.0,1.0,0.0,0.0
4161,0.154,0.789,0.057,0.5994
4176,0.0,1.0,0.0,0.0
4177,0.138,0.781,0.081,0.2263
4179,0.324,0.589,0.087,0.8158
4180,0.177,0.312,0.51,-0.4939
4181,0.0,1.0,0.0,0.0
4183,0.353,0.647,0.0,0.872
4186,0.0,1.0,0.0,0.0
4193,0.109,0.891,0.0,0.5267
4199,0.0,1.0,0.0,0.0
4200,0.278,0.722,0.0,0.4019
4201,0.0,1.0,0.0,0.0
4203,0.209,0.791,0.0,0.4404
4204,0.393,0.444,0.163,0.4767
4205,0.075,0.72,0.205,-0.5719
4206,0.205,0.795,0.0,0.2023
4229,0.195,0.682,0.123,0.1531
4248,0.067,0.788,0.145,-0.4927
4249,0.0,0.62,0.38,-0.5994
4251,0.086,0.833,0.08,0.0516
4261,0.0,0.786,0.214,-0.4576
4262,0.154,0.846,0.0,0.25
4266,0.169,0.831,0.0,0.3919
4268,0.0,0.694,0.306,-0.296
4269,0.0,0.833,0.167,-0.3818
4270,0.091,0.909,0.0,0.1779
4271,0.0,0.749,0.251,-0.6908
4272,0.0,0.802,0.198,-0.5704
4274,0.0,1.0,0.0,0.0
4275,0.0,0.896,0.104,-0.2144
4277,0.175,0.649,0.175,0.0
4278,0.184,0.816,0.0,0.2023
4283,0.0,0.888,0.112,-0.3412
4284,0.075,0.724,0.201,-0.5859
4334,0.276,0.724,0.0,0.4939
4335,0.141,0.729,0.13,0.0516
4336,0.168,0.748,0.084,0.4019
4337,0.184,0.816,0.0,0.4019
4344,0.102,0.898,0.0,0.1779
4346,0.068,0.932,0.0,0.1901
4391,0.0,1.0,0.0,0.0
4392,0.0,1.0,0.0,0.0
4394,0.548,0.452,0.0,0.872
4402,0.352,0.648,0.0,0.765
4413,0.0,0.847,0.153,-0.4019
4414,0.0,0.811,0.189,-0.4215
4415,0.0,1.0,0.0,0.0
4417,0.097,0.672,0.231,-0.4215
4418,0.0,1.0,0.0,0.0
4421,0.066,0.857,0.076,-0.079
4422,0.385,0.615,0.0,0.3612
4423,0.0,0.792,0.208,-0.6115
4424,0.114,0.886,0.0,0.4019
4425,0.221,0.779,0.0,0.1779
4430,0.32,0.68,0.0,0.5719
4432,0.071,0.929,0.0,0.25
4433,0.107,0.801,0.092,0.1505
4434,0.116,0.884,0.0,0.7086
4435,0.0,0.759,0.241,-0.2263
4439,0.128,0.756,0.116,0.0609
4442,0.0,0.899,0.101,-0.4019
4443,0.0,1.0,0.0,0.0
4444,0.144,0.856,0.0,0.4019
4445,0.0,0.714,0.286,-0.4215
4446,0.279,0.721,0.0,0.7003
4447,0.0,0.933,0.067,-0.25
4448,0.131,0.816,0.053,0.4971
4453,0.305,0.61,0.085,0.7906
4471,0.0,1.0,0.0,0.0
4472,0.524,0.476,0.0,0.5267
4473,0.252,0.748,0.0,0.4019
4478,0.0,1.0,0.0,0.0
4479,0.0,0.928,0.072,-0.1027
4480,0.0,1.0,0.0,0.0
4481,0.444,0.556,0.0,0.6808
4491,0.455,0.545,0.0,0.6124
4492,0.074,0.801,0.125,-0.3887
4493,0.0,1.0,0.0,0.0
4494,0.278,0.722,0.0,0.4019
4496,0.0,0.895,0.105,-0.4019
4504,0.091,0.909,0.0,0.1779
4505,0.0,0.861,0.139,-0.2732
4517,0.22,0.78,0.0,0.7215
4518,0.077,0.852,0.071,0.0516
4519,0.197,0.803,0.0,0.6597
4524,0.0,0.828,0.172,-0.3612
4529,0.198,0.802,0.0,0.4939
4530,0.273,0.727,0.0,0.5423
4532,0.184,0.816,0.0,0.4019
4533,0.144,0.856,0.0,0.368
4534,0.27,0.546,0.184,0.3612
4535,0.302,0.603,0.095,0.5803
4536,0.273,0.657,0.071,0.6124
4543,0.0,0.682,0.318,-0.1027
4544,0.31,0.69,0.0,0.6597
4545,0.216,0.784,0.0,0.2337
4550,0.577,0.423,0.0,0.6249
4551,0.063,0.886,0.051,0.128
4552,0.408,0.592,0.0,0.7096
4553,0.0,1.0,0.0,0.0
4554,0.158,0.842,0.0,0.5719
4565,0.085,0.915,0.0,0.0772
4566,0.172,0.828,0.0,0.6124
4567,0.0,0.748,0.252,-0.4019
4568,0.352,0.648,0.0,0.5984
4569,0.174,0.645,0.181,-0.0258
4578,0.351,0.649,0.0,0.4019
4579,0.21,0.79,0.0,0.7713
4580,0.263,0.737,0.0,0.6124
4585,0.388,0.612,0.0,0.5859
4586,0.536,0.464,0.0,0.7947
4589,0.197,0.803,0.0,0.6597
4591,0.0,1.0,0.0,0.0
4593,0.0,1.0,0.0,0.0
4594,0.39,0.61,0.0,0.4927
4595,0.197,0.803,0.0,0.4019
4596,0.0,1.0,0.0,0.0
4597,0.0,1.0,0.0,0.0
4599,0.483,0.517,0.0,0.6808
4604,0.0,1.0,0.0,0.0
4605,0.577,0.423,0.0,0.6249
4608,0.333,0.667,0.0,0.7184
4609,0.0,1.0,0.0,0.0
4612,0.0,1.0,0.0,0.0
4613,0.0,0.675,0.325,-0.5216
4614,0.0,1.0,0.0,0.0
4615,0.351,0.649,0.0,0.8251
4617,0.0,1.0,0.0,0.0
4618,0.0,1.0,0.0,0.0
4619,0.091,0.909,0.0,0.128
4620,0.0,1.0,0.0,0.0
4623,0.0,1.0,0.0,0.0
4624,0.0,1.0,0.0,0.0
4625,0.0,0.87,0.13,-0.4019
4627,0.474,0.526,0.0,0.2023
4628,0.0,0.548,0.452,-0.5106
4632,0.0,0.865,0.135,-0.1027
4633,0.0,1.0,0.0,0.0
4634,0.0,1.0,0.0,0.0
4635,0.0,1.0,0.0,0.0
4637,0.412,0.588,0.0,0.2732
4645,0.161,0.839,0.0,0.3182
4646,0.251,0.749,0.0,0.6908
4657,0.441,0.559,0.0,0.743
4658,0.308,0.692,0.0,0.7906
4659,0.0,0.852,0.148,-0.3089
4660,0.0,0.827,0.173,-0.3626
4661,0.185,0.577,0.238,-0.4939
4662,0.0,0.922,0.078,-0.4215
4663,0.0,0.714,0.286,-0.4215
4664,0.0,1.0,0.0,0.0
4665,0.0,1.0,0.0,0.0
4670,0.0,0.891,0.109,-0.4019
4672,0.0,1.0,0.0,0.0
4675,0.0,1.0,0.0,0.0
4676,0.189,0.811,0.0,0.2732
4678,0.506,0.494,0.0,0.6249
4680,0.237,0.763,0.0,0.5648
4681,0.249,0.751,0.0,0.5621
4682,0.0,1.0,0.0,0.0
4683,0.0,1.0,0.0,0.0
4684,0.18,0.82,0.0,0.6705
4689,0.592,0.408,0.0,0.4404
4698,0.0,1.0,0.0,0.0
4699,0.0,1.0,0.0,0.0
4700,0.0,1.0,0.0,0.0
4701,0.0,0.345,0.655,-0.6908
4702,0.124,0.876,0.0,0.34
4703,0.176,0.652,0.171,0.0186
4707,0.374,0.549,0.077,0.7506
4708,0.385,0.615,0.0,0.3612
4709,0.0,0.722,0.278,-0.4019
4710,0.0,1.0,0.0,0.0
4711,0.0,1.0,0.0,0.0
4712,0.0,1.0,0.0,0.0
4713,0.137,0.714,0.149,-0.0516
4715,0.149,0.614,0.237,-0.25
4716,0.0,0.78,0.22,-0.3089
4717,0.0,0.872,0.128,-0.5267
4718,0.07,0.93,0.0,0.3252
4720,0.0,1.0,0.0,0.0
4721,0.0,1.0,0.0,0.0
4723,0.141,0.859,0.0,0.4215
4726,0.0,1.0,0.0,0.0
4727,0.0,1.0,0.0,0.0
4728,0.571,0.429,0.0,0.6124
4729,0.0,1.0,0.0,0.0
4730,0.149,0.851,0.0,0.4215
4733,0.247,0.753,0.0,0.3182
4734,0.173,0.684,0.143,0.2105
4735,0.333,0.667,0.0,0.4588
4736,0.0,0.828,0.172,-0.6808
4737,0.0,0.791,0.209,-0.4404
4738,0.162,0.838,0.0,0.4019
4739,0.579,0.421,0.0,0.6705
4740,0.0,1.0,0.0,0.0
4742,0.464,0.536,0.0,0.3818
4745,0.177,0.745,0.078,0.4215
4748,0.143,0.857,0.0,0.3612
4749,0.0,1.0,0.0,0.0
4750,0.492,0.508,0.0,0.4404
4751,0.103,0.897,0.0,0.2382
4752,0.0,1.0,0.0,0.0
4758,0.412,0.588,0.0,0.2732
4760,0.0,1.0,0.0,0.0
4764,0.478,0.522,0.0,0.6705
4765,0.351,0.649,0.0,0.4019
4767,0.0,1.0,0.0,0.0
4768,0.0,1.0,0.0,0.0
4773,0.0,1.0,0.0,0.0
4774,0.0,1.0,0.0,0.0
4779,0.105,0.819,0.076,0.1615
4780,0.154,0.846,0.0,0.4588
4781,0.071,0.929,0.0,0.2263
4782,0.0,0.744,0.256,-0.4805
4783,0.158,0.842,0.0,0.296
4784,0.15,0.85,0.0,0.3182
4793,0.139,0.861,0.0,0.4404
4795,0.0,0.526,0.474,-0.4019
4797,0.375,0.625,0.0,0.3818
4804,0.0,1.0,0.0,0.0
4809,0.0,0.808,0.192,-0.5448
4810,0.483,0.517,0.0,0.6808
4812,0.129,0.745,0.126,0.0164
4813,0.213,0.787,0.0,0.4019
4814,0.085,0.757,0.158,-0.0829
4815,0.0,0.792,0.208,-0.575
4816,0.712,0.288,0.0,0.7506
4817,0.123,0.731,0.146,-0.128
4818,0.417,0.583,0.0,0.6124
4819,0.0,0.861,0.139,-0.4716
4820,0.0,1.0,0.0,0.0
4821,0.0,0.845,0.155,-0.5093
4822,0.168,0.745,0.087,0.3182
4823,0.0,1.0,0.0,0.0
4824,0.281,0.719,0.0,0.5719
4826,0.228,0.772,0.0,0.5927
4831,0.0,0.803,0.197,-0.4019
4832,0.0,1.0,0.0,0.0
4840,0.091,0.909,0.0,0.0772
4841,0.0,1.0,0.0,0.0
4843,0.0,1.0,0.0,0.0
4844,0.119,0.881,0.0,0.4019
4845,0.214,0.786,0.0,0.7783
4846,0.349,0.651,0.0,0.7528
4847,0.106,0.894,0.0,0.0772
4848,0.0,1.0,0.0,0.0
4850,0.0,0.708,0.292,-0.5106
4851,0.0,1.0,0.0,0.0
4852,0.227,0.773,0.0,0.6249
4853,0.254,0.746,0.0,0.7003
4857,0.0,1.0,0.0,0.0
4858,0.148,0.852,0.0,0.3089
4859,0.0,0.928,0.072,-0.2732
4861,0.0,1.0,0.0,0.0
4863,0.122,0.679,0.199,-0.1739
4871,0.778,0.222,0.0,0.7184
4873,0.0,0.787,0.213,-0.4019
4874,0.0,1.0,0.0,0.0
4875,0.54,0.46,0.0,0.8555
4876,0.0,1.0,0.0,0.0
4879,0.0,1.0,0.0,0.0
4880,0.083,0.917,0.0,0.2023
4881,0.5,0.5,0.0,0.4588
4883,0.206,0.794,0.0,0.3818
4884,0.0,1.0,0.0,0.0
4885,0.122,0.878,0.0,0.3612
4888,0.576,0.424,0.0,0.7777
4890,0.209,0.791,0.0,0.4404
4891,0.0,1.0,0.0,0.0
4892,0.0,0.876,0.124,-0.4019
4893,0.198,0.802,0.0,0.4939
4894,0.367,0.633,0.0,0.4404
4895,0.143,0.741,0.116,0.128
4896,0.0,1.0,0.0,0.0
4898,0.524,0.476,0.0,0.6705
4903,0.0,0.649,0.351,-0.4019
4910,0.0,1.0,0.0,0.0
4912,0.0,1.0,0.0,0.0
4913,0.651,0.349,0.0,0.6808
4914,0.55,0.45,0.0,0.7269
4915,0.492,0.508,0.0,0.4404
4917,0.0,0.756,0.244,-0.3089
4923,0.0,0.843,0.157,-0.3818
4924,0.386,0.614,0.0,0.5267
4925,0.0,1.0,0.0,0.0
4926,0.0,1.0,0.0,0.0
4927,0.261,0.739,0.0,0.5574
4929,0.141,0.731,0.127,0.0754
4930,0.0,0.725,0.275,-0.7243
4938,0.086,0.828,0.086,0.0
4939,0.213,0.787,0.0,0.4549
4941,0.348,0.652,0.0,0.4939
4942,0.391,0.609,0.0,0.5423
4944,0.0,1.0,0.0,0.0
4945,0.355,0.645,0.0,0.607
4946,0.0,1.0,0.0,0.0
4947,0.0,0.698,0.302,-0.3818
4948,0.0,1.0,0.0,0.0
4949,0.153,0.847,0.0,0.4019
4953,0.0,1.0,0.0,0.0
4954,0.0,1.0,0.0,0.0
4956,0.128,0.872,0.0,0.4173
4957,0.0,1.0,0.0,0.0
4961,0.0,1.0,0.0,0.0
4962,0.0,1.0,0.0,0.0
4964,0.0,0.706,0.294,-0.3612
4965,0.0,1.0,0.0,0.0
4967,0.42,0.58,0.0,0.4404
4968,0.0,0.877,0.123,-0.1027
4977,0.0,1.0,0.0,0.0
4978,0.0,1.0,0.0,0.0
4979,0.0,0.919,0.081,-0.296
4980,0.144,0.856,0.0,0.4019
4987,0.202,0.622,0.176,0.088
4988,0.2,0.8,0.0,0.25
4989,0.0,1.0,0.0,0.0
4990,0.0,1.0,0.0,0.0
4996,0.0,1.0,0.0,0.0
5000,0.0,1.0,0.0,0.0
5002,0.0,0.806,0.194,-0.34
5003,0.297,0.703,0.0,0.6705
5004,0.211,0.789,0.0,0.34
5007,0.153,0.847,0.0,0.4019
5008,0.0,1.0,0.0,0.0
5009,0.18,0.82,0.0,0.6444
5014,0.0,1.0,0.0,0.0
5015,0.0,1.0,0.0,0.0
5016,0.0,1.0,0.0,0.0
5019,0.191,0.809,0.0,0.3818
5023,0.0,0.748,0.252,-0.5719
5024,0.158,0.842,0.0,0.5423
5025,0.0,1.0,0.0,0.0
5028,0.42,0.58,0.0,0.4404
5029,0.0,1.0,0.0,0.0
5032,0.0,1.0,0.0,0.0
5033,0.492,0.508,0.0,0.8658
5034,0.296,0.704,0.0,0.2732
5038,0.175,0.825,0.0,0.3252
5039,0.0,1.0,0.0,0.0
5042,0.0,1.0,0.0,0.0
5043,0.215,0.785,0.0,0.6249
5046,0.243,0.757,0.0,0.5927
5047,0.0,1.0,0.0,0.0
5054,0.419,0.581,0.0,0.7574
5060,0.0,1.0,0.0,0.0
5066,0.403,0.597,0.0,0.4019
5067,0.108,0.892,0.0,0.1779
5068,0.0,0.843,0.157,-0.4215
5071,0.273,0.727,0.0,0.5423
5072,0.0,1.0,0.0,0.0
5073,0.0,1.0,0.0,0.0
5076,0.106,0.894,0.0,0.0772
5082,0.0,1.0,0.0,0.0
5083,0.0,0.75,0.25,-0.5661
5084,0.0,0.656,0.344,-0.2732
5086,0.0,1.0,0.0,0.0
5088,0.55,0.45,0.0,0.7269
5089,0.204,0.796,0.0,0.6249
5090,0.223,0.777,0.0,0.3182
5091,0.0,0.85,0.15,-0.3182
5094,0.0,1.0,0.0,0.0
5096,0.444,0.556,0.0,0.6808
5101,0.147,0.752,0.101,0.1027
5102,0.403,0.597,0.0,0.4019
5105,0.132,0.868,0.0,0.4404
5109,0.403,0.597,0.0,0.4019
5110,0.0,1.0,0.0,0.0
5111,0.078,0.922,0.0,0.4019
5114,0.282,0.718,0.0,0.6249
5115,0.367,0.633,0.0,0.4404
5116,0.181,0.645,0.174,0.0258
5118,0.0,1.0,0.0,0.0
5122,0.0,0.737,0.263,-0.3612
5123,0.0,1.0,0.0,0.0
5127,0.0,1.0,0.0,0.0
5132,0.168,0.744,0.087,0.3612
5133,0.048,0.952,0.0,0.2724
5139,0.158,0.842,0.0,0.296
5140,0.0,0.695,0.305,-0.7297
5141,0.0,0.694,0.306,-0.296
5145,0.081,0.919,0.0,0.3818
5147,0.14,0.742,0.118,0.128
5148,0.0,0.816,0.184,-0.4019
5149,0.143,0.788,0.069,0.3612
5154,0.0,0.795,0.205,-0.4767
5155,0.0,1.0,0.0,0.0
5157,0.474,0.526,0.0,0.4019
5160,0.412,0.588,0.0,0.6808
5163,0.0,0.682,0.318,-0.5664
5165,0.0,1.0,0.0,0.0
5166,0.476,0.524,0.0,0.8399
5167,0.0,1.0,0.0,0.0
5168,0.0,0.809,0.191,-0.5423
5170,0.439,0.561,0.0,0.5719
5173,0.0,1.0,0.0,0.0
5175,0.0,1.0,0.0,0.0
5176,0.435,0.565,0.0,0.6597
5177,0.0,0.526,0.474,-0.4019
5179,0.0,1.0,0.0,0.0
5180,0.0,0.732,0.268,-0.296
5183,0.133,0.867,0.0,0.3818
5184,0.0,0.787,0.213,-0.4019
5185,0.0,1.0,0.0,0.0
5186,0.187,0.813,0.0,0.3182
5187,0.293,0.707,0.0,0.6597
5188,0.0,1.0,0.0,0.0
5189,0.04,0.96,0.0,0.0772
5190,0.737,0.263,0.0,0.6808
5191,0.142,0.806,0.052,0.5719
5192,0.149,0.851,0.0,0.4215
5193,0.0,1.0,0.0,0.0
5194,0.0,1.0,0.0,0.0
5195,0.0,1.0,0.0,0.0
5200,0.172,0.828,0.0,0.4019
5203,0.0,1.0,0.0,0.0
5204,0.145,0.724,0.131,0.0772
5205,0.0,1.0,0.0,0.0
5206,0.191,0.809,0.0,0.5106
5207,0.0,1.0,0.0,0.0
5210,0.408,0.282,0.31,0.1779
5216,0.367,0.633,0.0,0.4404
5219,0.0,1.0,0.0,0.0
5220,0.0,1.0,0.0,0.0
5221,0.0,1.0,0.0,0.0
5222,0.672,0.328,0.0,0.6249
5223,0.19,0.605,0.206,-0.1027
5225,0.245,0.755,0.0,0.7783
5226,0.398,0.602,0.0,0.5106
5227,0.0,1.0,0.0,0.0
5234,0.0,1.0,0.0,0.0
5235,0.0,0.919,0.081,-0.3724
5237,0.0,1.0,0.0,0.0
5238,0.0,0.426,0.574,-0.4019
5248,0.198,0.802,0.0,0.4939
5249,0.0,0.825,0.175,-0.5267
5253,0.0,1.0,0.0,0.0
5255,0.0,0.89,0.11,-0.3818
5256,0.0,1.0,0.0,0.0
5257,0.257,0.743,0.0,0.6369
5258,0.31,0.69,0.0,0.4019
5259,0.0,0.818,0.182,-0.3017
5261,0.0,0.804,0.196,-0.296
5262,0.0,1.0,0.0,0.0
5263,0.234,0.766,0.0,0.4404
5265,0.0,1.0,0.0,0.0
5267,0.244,0.756,0.0,0.4404
5268,0.792,0.208,0.0,0.5859
5269,0.325,0.675,0.0,0.6486
5273,0.0,0.694,0.306,-0.296
5274,0.804,0.196,0.0,0.6249
5284,0.336,0.415,0.249,0.2263
5288,0.444,0.556,0.0,0.4927
5291,0.0,0.722,0.278,-0.4019
5293,0.288,0.712,0.0,0.7717
5297,0.167,0.833,0.0,0.2023
5298,0.0,0.637,0.363,-0.6901
5299,0.091,0.909,0.0,0.4019
5307,0.492,0.508,0.0,0.4404
5309,0.206,0.794,0.0,0.5222
5310,0.137,0.863,0.0,0.3268
5312,0.0,1.0,0.0,0.0
5314,0.0,1.0,0.0,0.0
5315,0.07,0.753,0.177,-0.7712
5318,0.181,0.819,0.0,0.4767
5320,0.0,1.0,0.0,0.0
5324,0.129,0.714,0.157,-0.1027
5325,0.0,0.879,0.121,-0.296
5327,0.0,1.0,0.0,0.0
5329,0.247,0.753,0.0,0.3182
5330,0.0,0.764,0.236,-0.4754
5335,0.102,0.898,0.0,0.1779
5336,0.039,0.961,0.0,0.09
5338,0.444,0.556,0.0,0.4588
5339,0.0,1.0,0.0,0.0
5340,0.208,0.792,0.0,0.4939
5341,0.261,0.541,0.198,0.1779
5343,0.0,1.0,0.0,0.0
5344,0.0,1.0,0.0,0.0
5345,0.286,0.714,0.0,0.4215
5347,0.0,0.905,0.095,-0.3415
5348,0.166,0.749,0.085,0.3612
5362,0.0,1.0,0.0,0.0
5363,0.0,1.0,0.0,0.0
5364,0.204,0.796,0.0,0.3182
5371,0.537,0.463,0.0,0.6997
5372,0.114,0.886,0.0,0.4019
5375,0.0,1.0,0.0,0.0
5376,0.0,1.0,0.0,0.0
5378,0.0,1.0,0.0,0.0
5389,0.0,0.813,0.187,-0.3182
5403,0.0,1.0,0.0,0.0
5404,0.0,1.0,0.0,0.0
5405,0.0,1.0,0.0,0.0
5406,0.0,1.0,0.0,0.0
5411,0.0,1.0,0.0,0.0
5413,0.161,0.839,0.0,0.3612
5415,0.0,1.0,0.0,0.0
5419,0.0,1.0,0.0,0.0
5420,0.514,0.486,0.0,0.6527
5424,0.357,0.643,0.0,0.6124
5426,0.265,0.735,0.0,0.2023
5427,0.0,1.0,0.0,0.0
5428,0.0,1.0,0.0,0.0
5429,0.108,0.803,0.088,0.128
5431,0.245,0.755,0.0,0.3818
5438,0.42,0.58,0.0,0.4404
5439,0.0,1.0,0.0,0.0
5442,0.0,1.0,0.0,0.0
5443,0.14,0.784,0.077,0.3102
5448,0.0,1.0,0.0,0.0
5449,0.091,0.909,0.0,0.3818
5458,0.172,0.828,0.0,0.4019
5462,0.0,1.0,0.0,0.0
5470,0.231,0.769,0.0,0.4019
5471,0.0,1.0,0.0,0.0
5472,0.333,0.667,0.0,0.6705
5473,0.0,1.0,0.0,0.0
5474,0.215,0.785,0.0,0.6249
5477,0.701,0.299,0.0,0.5719
5478,0.106,0.894,0.0,0.3818
5479,0.0,1.0,0.0,0.0
5483,0.064,0.936,0.0,0.0772
5485,0.0,1.0,0.0,0.0
5487,0.0,1.0,0.0,0.0
5492,0.0,1.0,0.0,0.0
5493,0.209,0.791,0.0,0.4404
5494,0.0,1.0,0.0,0.0
5495,0.0,1.0,0.0,0.0
5498,0.106,0.894,0.0,0.0772
5499,0.464,0.536,0.0,0.3818
5500,0.351,0.649,0.0,0.4019
5501,0.0,1.0,0.0,0.0
5502,0.183,0.817,0.0,0.6939
5504,0.17,0.68,0.15,0.0772
5506,0.0,1.0,0.0,0.0
5507,0.0,1.0,0.0,0.0
5510,0.528,0.472,0.0,0.6808
5513,0.0,1.0,0.0,0.0
5519,0.0,1.0,0.0,0.0
5520,0.0,0.741,0.259,-0.4215
5524,0.0,1.0,0.0,0.0
5525,0.0,1.0,0.0,0.0
5526,0.0,0.0,1.0,-0.5994
5529,0.082,0.853,0.064,0.1571
5530,0.0,1.0,0.0,0.0
5544,0.224,0.776,0.0,0.7579
5547,0.0,1.0,0.0,0.0
5548,0.179,0.566,0.255,-0.2023
5549,0.13,0.71,0.16,-0.128
5550,0.13,0.87,0.0,0.6908
5552,0.0,1.0,0.0,0.0
5553,0.0,1.0,0.0,0.0
5554,0.0,1.0,0.0,0.0
5555,0.096,0.75,0.153,-0.1511
5556,0.0,1.0,0.0,0.0
5564,0.0,0.476,0.524,-0.296
5567,0.0,1.0,0.0,0.0
5568,0.053,0.881,0.067,-0.128
5569,0.0,1.0,0.0,0.0
5570,0.111,0.796,0.093,0.128
5576,0.25,0.75,0.0,0.4588
5578,0.0,1.0,0.0,0.0
5580,0.0,1.0,0.0,0.0
5581,0.351,0.649,0.0,0.4019
5582,0.145,0.855,0.0,0.1779
5585,0.0,1.0,0.0,0.0
5587,0.34,0.66,0.0,0.5574
5591,0.0,1.0,0.0,0.0
5592,0.205,0.795,0.0,0.2023
5593,0.277,0.723,0.0,0.3182
5596,0.0,1.0,0.0,0.0
5600,0.25,0.75,0.0,0.25
5601,0.216,0.541,0.243,-0.0772
5602,0.0,1.0,0.0,0.0
5603,0.326,0.674,0.0,0.4404
5606,0.326,0.674,0.0,0.4404
5610,0.0,1.0,0.0,0.0
5614,0.0,0.857,0.143,-0.3612
5615,0.0,1.0,0.0,0.0
5617,0.0,0.71,0.29,-0.5984
5618,0.0,0.735,0.265,-0.3839
5619,0.153,0.847,0.0,0.2023
5621,0.212,0.66,0.127,0.2023
5622,0.207,0.73,0.063,0.6908
5627,0.189,0.811,0.0,0.3612
5629,0.172,0.828,0.0,0.4404
5630,0.31,0.69,0.0,0.2023
5631,0.198,0.678,0.124,0.2163
5632,0.0,0.811,0.189,-0.5423
5633,0.278,0.722,0.0,0.4019
5635,0.294,0.706,0.0,0.3612
5636,0.278,0.722,0.0,0.4019
5637,0.358,0.441,0.201,0.4939
5641,0.296,0.37,0.333,-0.0772
5644,0.106,0.894,0.0,0.0772
5645,0.0,1.0,0.0,0.0
5649,0.0,1.0,0.0,0.0
5652,0.0,1.0,0.0,0.0
5655,0.0,1.0,0.0,0.0
5657,0.255,0.745,0.0,0.7351
5659,0.0,0.727,0.273,-0.3089
5660,0.0,1.0,0.0,0.0
5665,0.0,1.0,0.0,0.0
5666,0.0,0.87,0.13,-0.3401
5667,0.087,0.913,0.0,0.2023
5668,0.171,0.829,0.0,0.2144
5669,0.124,0.876,0.0,0.4019
5674,0.0,0.671,0.329,-0.5994
5680,0.0,1.0,0.0,0.0
5684,0.0,1.0,0.0,0.0
5686,0.252,0.748,0.0,0.4019
5687,0.241,0.759,0.0,0.2263
5696,0.0,1.0,0.0,0.0
5701,0.0,1.0,0.0,0.0
5702,0.0,1.0,0.0,0.0
5703,0.148,0.852,0.0,0.3818
5704,0.137,0.863,0.0,0.4019
5705,0.126,0.874,0.0,0.3182
5706,0.19,0.81,0.0,0.8689
5707,0.0,0.597,0.403,-0.4019
5708,0.0,0.649,0.351,-0.4019
5709,0.33,0.67,0.0,0.7845
5710,0.172,0.828,0.0,0.4019
5717,0.672,0.328,0.0,0.6249
5726,0.0,1.0,0.0,0.0
5728,0.304,0.696,0.0,0.9265
5729,0.293,0.707,0.0,0.4404
5733,0.0,1.0,0.0,0.0
5736,0.0,1.0,0.0,0.0
5737,0.043,0.813,0.144,-0.6489
5742,0.205,0.696,0.099,0.4404
5743,0.0,1.0,0.0,0.0
5744,0.234,0.722,0.043,0.9282
5745,0.0,0.818,0.182,-0.4404
5746,0.0,1.0,0.0,0.0
5747,0.11,0.89,0.0,0.3818
5748,0.0,1.0,0.0,0.0
5749,0.0,1.0,0.0,0.0
5750,0.252,0.748,0.0,0.4019
5752,0.483,0.517,0.0,0.8807
5753,0.0,0.915,0.085,-0.4019
5761,0.303,0.697,0.0,0.7264
5776,0.144,0.856,0.0,0.4939
5777,0.0,1.0,0.0,0.0
5780,0.0,1.0,0.0,0.0
5781,0.0,0.366,0.634,-0.6369
5782,0.0,1.0,0.0,0.0
5784,0.344,0.656,0.0,0.2732
5785,0.244,0.756,0.0,0.4404
5788,0.0,1.0,0.0,0.0
5790,0.494,0.506,0.0,0.4466
5792,0.0,1.0,0.0,0.0
5793,0.091,0.909,0.0,0.4215
5794,0.126,0.83,0.043,0.296
5795,0.0,0.876,0.124,-0.4767
5800,0.524,0.476,0.0,0.6808
5802,0.0,1.0,0.0,0.0
5803,0.0,1.0,0.0,0.0
5805,0.0,0.765,0.235,-0.5116
5806,0.231,0.769,0.0,0.4019
5809,0.0,1.0,0.0,0.0
5813,0.435,0.483,0.082,0.8176
5822,0.08,0.853,0.066,-0.1263
5823,0.167,0.833,0.0,0.6124
5827,0.179,0.821,0.0,0.34
5830,0.231,0.769,0.0,0.2732
5838,0.237,0.653,0.11,0.7351
5841,0.0,1.0,0.0,0.0
5842,0.27,0.73,0.0,0.5719
5843,0.341,0.659,0.0,0.8316
5847,0.0,1.0,0.0,0.0
5848,0.0,1.0,0.0,0.0
5849,0.152,0.848,0.0,0.3612
5850,0.0,1.0,0.0,0.0
5859,0.0,1.0,0.0,0.0
5864,0.201,0.799,0.0,0.7227
5873,0.0,1.0,0.0,0.0
5874,0.0,1.0,0.0,0.0
5875,0.085,0.831,0.084,0.0101
5880,0.126,0.874,0.0,0.0772
5891,0.0,0.828,0.172,-0.3612
5892,0.13,0.87,0.0,0.4019
5893,0.0,1.0,0.0,0.0
5894,0.0,0.807,0.193,-0.4782
5895,0.0,0.844,0.156,-0.4497
5896,0.0,1.0,0.0,0.0
5899,0.326,0.674,0.0,0.9109
5900,0.0,1.0,0.0,0.0
5901,0.205,0.795,0.0,0.4767
5902,0.565,0.435,0.0,0.6369
5903,0.25,0.395,0.355,-0.2023
5906,0.0,1.0,0.0,0.0
5907,0.0,0.851,0.149,-0.4215
5909,0.303,0.449,0.247,0.128
5910,0.45,0.55,0.0,0.5994
5911,0.0,0.624,0.376,-0.3412
5914,0.0,1.0,0.0,0.0
5918,0.194,0.806,0.0,0.4767
5922,0.247,0.753,0.0,0.3182
5933,0.0,1.0,0.0,0.0
5934,0.164,0.716,0.12,0.2009
5936,0.0,1.0,0.0,0.0
5942,0.0,1.0,0.0,0.0
5953,0.167,0.833,0.0,0.4215
5954,0.333,0.667,0.0,0.3612
5956,0.0,1.0,0.0,0.0
5957,0.141,0.663,0.196,-0.25
5960,0.537,0.463,0.0,0.7003
5968,0.36,0.57,0.07,0.8799
5969,0.084,0.916,0.0,0.3182
5971,0.0,0.748,0.252,-0.4019
5972,0.0,0.857,0.143,-0.3252
5976,0.0,1.0,0.0,0.0
5977,0.0,0.898,0.102,-0.3818
5981,0.0,1.0,0.0,0.0
5982,0.0,1.0,0.0,0.0
5983,0.0,1.0,0.0,0.0
5988,0.371,0.629,0.0,0.6486
5991,0.0,1.0,0.0,0.0
5994,0.0,1.0,0.0,0.0
5995,0.0,1.0,0.0,0.0
5997,0.0,0.741,0.259,-0.1139
6003,0.0,1.0,0.0,0.0
6004,0.157,0.843,0.0,0.0772
6005,0.0,1.0,0.0,0.0
6006,0.0,1.0,0.0,0.0
6009,0.289,0.711,0.0,0.886
6010,0.0,0.822,0.178,-0.3374
6011,0.0,0.826,0.174,-0.2732
6012,0.206,0.794,0.0,0.0772
6019,0.0,1.0,0.0,0.0
6020,0.285,0.55,0.165,0.2415
6022,0.0,1.0,0.0,0.0
6026,0.0,1.0,0.0,0.0
6034,0.318,0.359,0.323,-0.0094
6039,0.0,1.0,0.0,0.0
6044,0.0,1.0,0.0,0.0
6049,0.351,0.649,0.0,0.4019
6051,0.0,1.0,0.0,0.0
6055,0.0,1.0,0.0,0.0
6056,0.0,0.679,0.321,-0.428
6063,0.0,1.0,0.0,0.0
6067,0.0,1.0,0.0,0.0
6071,0.0,1.0,0.0,0.0
6073,0.167,0.833,0.0,0.5574
6078,0.225,0.548,0.227,-0.0099
6079,0.0,0.796,0.204,-0.5574
6083,0.479,0.521,0.0,0.5574
6087,0.0,1.0,0.0,0.0
6097,0.592,0.408,0.0,0.4404
6099,0.0,1.0,0.0,0.0
6101,0.351,0.649,0.0,0.4019
6102,0.0,1.0,0.0,0.0
6104,0.529,0.471,0.0,0.5423
6108,0.0,1.0,0.0,0.0
6109,0.0,1.0,0.0,0.0
6112,0.0,1.0,0.0,0.0
6117,0.359,0.641,0.0,0.4215
6118,0.0,0.806,0.194,-0.3412
6119,0.0,1.0,0.0,0.0
6120,0.182,0.818,0.0,0.4404
6121,0.252,0.748,0.0,0.4019
6122,0.0,1.0,0.0,0.0
6124,0.0,1.0,0.0,0.0
6125,0.334,0.513,0.153,0.3657
6126,0.115,0.885,0.0,0.1119
6127,0.0,0.455,0.545,-0.34
6129,0.278,0.722,0.0,0.4019
6130,0.259,0.741,0.0,0.2716
6131,0.144,0.856,0.0,0.4019
6132,0.0,1.0,0.0,0.0
6136,0.0,1.0,0.0,0.0
6142,0.171,0.748,0.082,0.3597
6143,0.329,0.524,0.147,0.3481
6144,0.0,1.0,0.0,0.0
6146,0.592,0.408,0.0,0.4404
6151,0.116,0.71,0.174,-0.2263
6154,0.506,0.494,0.0,0.6249
6155,0.242,0.526,0.232,0.0258
6156,0.209,0.791,0.0,0.4404
6161,0.151,0.726,0.123,0.128
6169,0.049,0.951,0.0,0.1779
6171,0.0,1.0,0.0,0.0
6172,0.0,0.703,0.297,-0.2755
6174,0.359,0.641,0.0,0.4215
6179,0.091,0.909,0.0,0.1779
6181,0.205,0.795,0.0,0.2023
6183,0.592,0.408,0.0,0.4404
6184,0.649,0.351,0.0,0.6757
6185,0.118,0.882,0.0,0.1531
6186,0.648,0.352,0.0,0.8481
6187,0.28,0.43,0.29,-0.0258
6191,0.0,1.0,0.0,0.0
6192,0.0,0.847,0.153,-0.4019
6195,0.0,1.0,0.0,0.0
6197,0.0,1.0,0.0,0.0
6198,0.344,0.656,0.0,0.4939
6199,0.0,1.0,0.0,0.0
6200,0.114,0.886,0.0,0.4019
6201,0.189,0.811,0.0,0.4215
6202,0.0,1.0,0.0,0.0
6205,0.42,0.58,0.0,0.4404
6210,0.278,0.722,0.0,0.4019
6211,0.156,0.844,0.0,0.6124
6221,0.0,1.0,0.0,0.0
6223,0.0,1.0,0.0,0.0
6224,0.278,0.556,0.167,0.2023
6228,0.0,1.0,0.0,0.0
6229,0.325,0.675,0.0,0.6486
6230,0.167,0.833,0.0,0.2023
6233,0.0,1.0,0.0,0.0
6234,0.126,0.874,0.0,0.0772
6235,0.172,0.828,0.0,0.3167
6238,0.0,1.0,0.0,0.0
6243,0.333,0.496,0.17,0.3182
6245,0.118,0.772,0.11,0.0516
6246,0.129,0.718,0.153,-0.128
6247,0.0,1.0,0.0,0.0
6248,0.094,0.768,0.138,-0.3632
6249,0.384,0.616,0.0,0.6808
6250,0.326,0.674,0.0,0.4404
6251,0.132,0.586,0.283,-0.4754
6252,0.0,1.0,0.0,0.0
6255,0.0,0.833,0.167,-0.296
6256,0.0,1.0,0.0,0.0
6259,0.213,0.787,0.0,0.6597
6262,0.0,1.0,0.0,0.0
6266,0.318,0.682,0.0,0.4215
6267,0.293,0.707,0.0,0.4404
6269,0.099,0.796,0.105,-0.046
6272,0.0,1.0,0.0,0.0
6274,0.577,0.423,0.0,0.6249
6277,0.0,1.0,0.0,0.0
6280,0.0,1.0,0.0,0.0
6281,0.0,0.833,0.167,-0.1027
6282,0.0,1.0,0.0,0.0
6283,0.364,0.636,0.0,0.3167
6284,0.0,1.0,0.0,0.0
6286,0.0,1.0,0.0,0.0
6289,0.172,0.828,0.0,0.4019
6290,0.0,1.0,0.0,0.0
6291,0.0,1.0,0.0,0.0
6292,0.42,0.58,0.0,0.4404
6296,0.252,0.748,0.0,0.4019
6298,0.0,1.0,0.0,0.0
6299,0.101,0.899,0.0,0.4215
6307,0.0,1.0,0.0,0.0
6308,0.259,0.741,0.0,0.2732
6309,0.0,0.843,0.157,-0.4201
6311,0.091,0.766,0.144,-0.2732
6312,0.0,1.0,0.0,0.0
6315,0.465,0.535,0.0,0.8834
6316,0.0,1.0,0.0,0.0
6317,0.0,0.749,0.251,-0.6555
6318,0.617,0.383,0.0,0.7537
6319,0.342,0.658,0.0,0.3818
6320,0.104,0.823,0.073,0.1796
6321,0.286,0.714,0.0,0.4215
6324,0.0,0.769,0.231,-0.4019
6325,0.453,0.547,0.0,0.7003
6326,0.145,0.855,0.0,0.6041
6327,0.0,0.808,0.192,-0.1695
6330,0.0,1.0,0.0,0.0
6333,0.0,0.761,0.239,-0.296
6334,0.0,1.0,0.0,0.0
6335,0.225,0.775,0.0,0.4404
6336,0.492,0.508,0.0,0.4404
6338,0.346,0.451,0.203,0.2263
6339,0.263,0.737,0.0,0.6124
6344,0.0,0.761,0.239,-0.296
6345,0.0,1.0,0.0,0.0
6346,0.0,0.781,0.219,-0.2411
6349,0.592,0.408,0.0,0.4404
6350,0.0,1.0,0.0,0.0
6351,0.0,1.0,0.0,0.0
6352,0.592,0.408,0.0,0.4404
6353,0.224,0.64,0.136,0.2748
6356,0.0,1.0,0.0,0.0
6357,0.0,1.0,0.0,0.0
6358,0.0,1.0,0.0,0.0
6359,0.236,0.764,0.0,0.4754
6360,0.0,1.0,0.0,0.0
6362,0.0,0.787,0.213,-0.2263
6368,0.115,0.663,0.222,-0.3472
6369,0.265,0.735,0.0,0.6597
6370,0.0,0.773,0.227,-0.4767
6371,0.295,0.705,0.0,0.5563
6372,0.09,0.824,0.086,0.0258
6373,0.0,1.0,0.0,0.0
6374,0.162,0.838,0.0,0.4404
6375,0.0,1.0,0.0,0.0
6376,0.0,1.0,0.0,0.0
6380,0.172,0.828,0.0,0.3612
6381,0.0,0.821,0.179,-0.5423
6382,0.209,0.791,0.0,0.4404
6384,0.0,1.0,0.0,0.0
6387,0.5,0.5,0.0,0.6115
6389,0.182,0.741,0.077,0.4541
6391,0.431,0.569,0.0,0.6486
6392,0.0,0.687,0.313,-0.4767
6393,0.0,1.0,0.0,0.0
6394,0.0,0.893,0.107,-0.3412
6403,0.492,0.508,0.0,0.4404
6404,0.0,1.0,0.0,0.0
6409,0.0,1.0,0.0,0.0
6410,0.326,0.674,0.0,0.4404
6414,0.322,0.678,0.0,0.6908
6415,0.083,0.849,0.068,0.09
6417,0.31,0.69,0.0,0.4019
6419,0.224,0.776,0.0,0.3818
6420,0.0,1.0,0.0,0.0
6421,0.0,0.876,0.124,-0.3089
6423,0.0,1.0,0.0,0.0
6424,0.0,0.78,0.22,-0.3089
6426,0.13,0.87,0.0,0.2732
6427,0.385,0.615,0.0,0.3612
6429,0.14,0.725,0.136,0.0199
6432,0.0,1.0,0.0,0.0
6433,0.0,1.0,0.0,0.0
6434,0.0,0.828,0.172,-0.4019
6435,0.0,0.833,0.167,-0.34
6436,0.318,0.682,0.0,0.4215
6437,0.0,0.469,0.531,-0.5256
6438,0.051,0.878,0.072,-0.2023
6441,0.244,0.595,0.161,0.1335
6442,0.182,0.818,0.0,0.25
6443,0.25,0.648,0.102,0.4939
6444,0.31,0.69,0.0,0.4019
6445,0.231,0.769,0.0,0.4019
6446,0.0,1.0,0.0,0.0
6448,0.0,1.0,0.0,0.0
6451,0.261,0.739,0.0,0.6486
6452,0.0,1.0,0.0,0.0
6453,0.385,0.615,0.0,0.6124
6457,0.297,0.602,0.102,0.6369
6459,0.483,0.517,0.0,0.4215
6463,0.0,0.931,0.069,-0.1027
6467,0.535,0.465,0.0,0.5574
6471,0.0,1.0,0.0,0.0
6472,0.0,1.0,0.0,0.0
6473,0.659,0.341,0.0,0.7003
6474,0.0,1.0,0.0,0.0
6475,0.068,0.872,0.06,0.0754
6476,0.0,1.0,0.0,0.0
6477,0.0,1.0,0.0,0.0
6478,0.0,1.0,0.0,0.0
6479,0.0,1.0,0.0,0.0
6480,0.236,0.764,0.0,0.5267
6485,0.0,1.0,0.0,0.0
6486,0.0,1.0,0.0,0.0
6487,0.0,1.0,0.0,0.0
6488,0.0,1.0,0.0,0.0
6493,0.341,0.659,0.0,0.4767
6494,0.0,1.0,0.0,0.0
6503,0.293,0.707,0.0,0.4404
6504,0.0,1.0,0.0,0.0
6505,0.0,1.0,0.0,0.0
6507,0.148,0.714,0.138,0.0516
6509,0.0,0.69,0.31,-0.4019
6510,0.0,1.0,0.0,0.0
6512,0.247,0.753,0.0,0.3182
6513,0.0,1.0,0.0,0.0
6514,0.0,1.0,0.0,0.0
6515,0.0,1.0,0.0,0.0
6520,0.42,0.58,0.0,0.4404
6521,0.0,1.0,0.0,0.0
6522,0.0,1.0,0.0,0.0
6523,0.403,0.597,0.0,0.4019
6524,0.0,1.0,0.0,0.0
6525,0.492,0.508,0.0,0.4404
6526,0.0,1.0,0.0,0.0
6528,0.153,0.847,0.0,0.2023
6530,0.0,0.577,0.423,-0.296
6531,0.122,0.878,0.0,0.3612
6532,0.076,0.924,0.0,0.4019
6533,0.0,0.954,0.046,-0.0382
6534,0.0,0.577,0.423,-0.296
6535,0.326,0.674,0.0,0.4404
6536,0.0,1.0,0.0,0.0
6537,0.0,0.677,0.323,-0.6486
6538,0.252,0.748,0.0,0.4019
6539,0.0,0.864,0.136,-0.296
6540,0.119,0.752,0.128,-0.0516
6541,0.0,1.0,0.0,0.0
6543,0.0,1.0,0.0,0.0
6548,0.0,0.694,0.306,-0.296
6549,0.592,0.408,0.0,0.4404
6551,0.0,0.722,0.278,-0.4019
6556,0.0,1.0,0.0,0.0
6557,0.592,0.408,0.0,0.4404
6558,0.455,0.545,0.0,0.3612
6560,0.206,0.794,0.0,0.5267
6561,0.267,0.733,0.0,0.4588
6562,0.0,1.0,0.0,0.0
6564,0.744,0.256,0.0,0.4404
6565,0.0,0.714,0.286,-0.4215
6567,0.283,0.717,0.0,0.7964
6568,0.0,1.0,0.0,0.0
6569,0.312,0.688,0.0,0.7089
6570,0.0,1.0,0.0,0.0
6571,0.0,0.803,0.197,-0.4019
6574,0.426,0.574,0.0,0.4522
6575,0.0,0.803,0.197,-0.4019
6576,0.0,0.899,0.101,-0.4215
6577,0.204,0.796,0.0,0.3182
6578,0.161,0.655,0.185,-0.1027
6579,0.0,1.0,0.0,0.0
6580,0.0,1.0,0.0,0.0
6581,0.0,0.784,0.216,-0.607
6582,0.213,0.787,0.0,0.4019
6584,0.0,1.0,0.0,0.0
6586,0.0,1.0,0.0,0.0
6587,0.592,0.408,0.0,0.4404
6593,0.0,1.0,0.0,0.0
6594,0.252,0.748,0.0,0.4019
6598,0.592,0.408,0.0,0.4404
6599,0.0,1.0,0.0,0.0
6600,0.0,1.0,0.0,0.0
6602,0.0,1.0,0.0,0.0
6603,0.0,1.0,0.0,0.0
6604,0.0,1.0,0.0,0.0
6605,0.188,0.812,0.0,0.5267
6607,0.403,0.597,0.0,0.4019
6610,0.576,0.424,0.0,0.7777
6612,0.326,0.674,0.0,0.4404
6613,0.204,0.796,0.0,0.4767
6614,0.184,0.816,0.0,0.5423
6615,0.744,0.256,0.0,0.4404
6616,0.0,1.0,0.0,0.0
6617,0.474,0.526,0.0,0.4019
6618,0.209,0.791,0.0,0.4404
6620,0.286,0.714,0.0,0.4215
6625,0.115,0.885,0.0,0.0772
6627,0.592,0.408,0.0,0.4404
6628,0.351,0.649,0.0,0.6597
6632,0.124,0.815,0.06,0.3612
6633,0.0,0.707,0.293,-0.4404
6636,0.42,0.58,0.0,0.4404
6638,0.0,1.0,0.0,0.0
6639,0.0,0.921,0.079,-0.2411
6640,0.321,0.679,0.0,0.6361
6641,0.0,1.0,0.0,0.0
6644,0.0,1.0,0.0,0.0
6647,0.0,1.0,0.0,0.0
6648,0.0,1.0,0.0,0.0
6649,0.592,0.408,0.0,0.4404
6650,0.247,0.753,0.0,0.3182
6652,0.0,1.0,0.0,0.0
6653,0.202,0.798,0.0,0.4215
6654,0.592,0.408,0.0,0.4404
6655,0.277,0.723,0.0,0.3182
6662,0.293,0.707,0.0,0.4404
6663,0.283,0.717,0.0,0.2449
6664,0.0,0.65,0.35,-0.6486
6666,0.0,1.0,0.0,0.0
6667,0.198,0.802,0.0,0.296
6668,0.0,1.0,0.0,0.0
6669,0.0,1.0,0.0,0.0
6670,0.0,1.0,0.0,0.0
6671,0.259,0.741,0.0,0.4215
6673,0.0,0.745,0.255,-0.4767
6674,0.0,1.0,0.0,0.0
6675,0.0,1.0,0.0,0.0
6676,0.057,0.943,0.0,0.1901
6680,0.204,0.796,0.0,0.3182
6682,0.24,0.76,0.0,0.743
6683,0.195,0.805,0.0,0.4404
6687,0.516,0.484,0.0,0.4927
6688,0.0,1.0,0.0,0.0
6689,0.333,0.667,0.0,0.3612
6690,0.3,0.7,0.0,0.4576
6692,0.35,0.65,0.0,0.4005
6701,0.266,0.734,0.0,0.4404
6702,0.0,1.0,0.0,0.0
6703,0.0,1.0,0.0,0.0
6704,0.0,0.913,0.087,-0.296
6705,0.0,1.0,0.0,0.0
6706,0.244,0.756,0.0,0.4404
6714,0.0,1.0,0.0,0.0
6715,0.0,1.0,0.0,0.0
6716,0.307,0.693,0.0,0.7351
6722,0.367,0.633,0.0,0.4404
6726,0.245,0.755,0.0,0.4404
6729,0.266,0.734,0.0,0.4404
6732,0.0,1.0,0.0,0.0
6733,0.403,0.597,0.0,0.6597
6739,0.0,1.0,0.0,0.0
6740,0.0,0.476,0.524,-0.296
6741,0.252,0.748,0.0,0.4019
6743,0.319,0.681,0.0,0.7269
6745,0.065,0.848,0.087,-0.1129
6746,0.0,1.0,0.0,0.0
6747,0.0,1.0,0.0,0.0
6749,0.0,1.0,0.0,0.0
6750,0.0,1.0,0.0,0.0
6751,0.0,1.0,0.0,0.0
6752,0.0,1.0,0.0,0.0
6753,0.0,1.0,0.0,0.0
6759,0.257,0.743,0.0,0.5423
6763,0.133,0.867,0.0,0.3182
6766,0.111,0.796,0.093,0.1027
6767,0.157,0.843,0.0,0.4215
6770,0.0,1.0,0.0,0.0
6771,0.074,0.814,0.112,-0.25
6775,0.195,0.805,0.0,0.4404
6778,0.437,0.341,0.222,0.6486
6779,0.187,0.736,0.077,0.5574
6780,0.122,0.878,0.0,0.3612
6781,0.0,0.818,0.182,-0.3947
6782,0.403,0.597,0.0,0.4019
6783,0.0,1.0,0.0,0.0
6784,0.0,0.969,0.031,-0.0516
6787,0.0,1.0,0.0,0.0
6788,0.0,1.0,0.0,0.0
6789,0.0,1.0,0.0,0.0
6790,0.0,0.627,0.373,-0.4549
6793,0.592,0.408,0.0,0.4404
6796,0.744,0.256,0.0,0.4404
6800,0.22,0.78,0.0,0.5859
6807,0.0,1.0,0.0,0.0
6808,0.0,1.0,0.0,0.0
6809,0.0,0.774,0.226,-0.5661
6810,0.259,0.741,0.0,0.4215
6812,0.0,0.792,0.208,-0.5358
6814,0.0,1.0,0.0,0.0
6815,0.0,1.0,0.0,0.0
6818,0.444,0.556,0.0,0.6808
6820,0.0,1.0,0.0,0.0
6829,0.119,0.793,0.088,0.25
6830,0.302,0.698,0.0,0.3818
6831,0.114,0.697,0.189,-0.2942
6834,0.0,0.571,0.429,-0.128
6835,0.0,0.744,0.256,-0.4767
6836,0.744,0.256,0.0,0.4404
6837,0.403,0.597,0.0,0.4019
6840,0.412,0.588,0.0,0.6808
6844,0.153,0.847,0.0,0.4019
6858,0.0,1.0,0.0,0.0
6860,0.0,1.0,0.0,0.0
6868,0.0,1.0,0.0,0.0
6869,0.0,1.0,0.0,0.0
6872,0.211,0.789,0.0,0.6808
6874,0.0,1.0,0.0,0.0
6875,0.144,0.856,0.0,0.4927
6876,0.085,0.707,0.208,-0.5423
6877,0.064,0.936,0.0,0.0258
6878,0.0,0.924,0.076,-0.4215
6879,0.11,0.75,0.14,-0.1513
6880,0.0,1.0,0.0,0.0
6881,0.0,1.0,0.0,0.0
6882,0.242,0.758,0.0,0.5859
6883,0.192,0.616,0.192,0.0
6885,0.492,0.508,0.0,0.4404
6886,0.167,0.833,0.0,0.2023
6887,0.0,1.0,0.0,0.0
6888,0.0,1.0,0.0,0.0
6892,0.744,0.256,0.0,0.4404
6893,0.0,0.741,0.259,-0.1027
6894,0.0,1.0,0.0,0.0
6895,0.0,1.0,0.0,0.0
6898,0.326,0.674,0.0,0.4404
6899,0.435,0.565,0.0,0.6597
6903,0.0,1.0,0.0,0.0
6906,0.0,0.915,0.085,-0.1027
6907,0.0,1.0,0.0,0.0
6908,0.0,1.0,0.0,0.0
6909,0.0,1.0,0.0,0.0
6910,0.336,0.518,0.146,0.4482
6911,0.123,0.69,0.188,-0.1779
6912,0.13,0.87,0.0,0.4019
6913,0.0,0.824,0.176,-0.7184
6915,0.592,0.408,0.0,0.4404
6917,0.233,0.495,0.272,-0.2023
6922,0.537,0.463,0.0,0.7003
6925,0.262,0.738,0.0,0.7783
6926,0.0,1.0,0.0,0.0
6927,0.101,0.899,0.0,0.2023
6928,0.087,0.913,0.0,0.2023
6929,0.0,1.0,0.0,0.0
6931,0.175,0.825,0.0,0.1779
6932,0.408,0.282,0.31,0.1779
6933,0.0,1.0,0.0,0.0
6935,0.744,0.256,0.0,0.4404
6937,0.592,0.408,0.0,0.4404
6938,0.0,1.0,0.0,0.0
6941,0.326,0.674,0.0,0.4404
6942,0.0,1.0,0.0,0.0
6943,0.0,1.0,0.0,0.0
6945,0.0,0.569,0.431,-0.5849
6946,0.266,0.734,0.0,0.4404
6947,0.128,0.752,0.119,0.0516
6955,0.0,0.9,0.1,-0.6007
6956,0.172,0.828,0.0,0.4019
6957,0.0,0.885,0.115,-0.3804
6958,0.577,0.423,0.0,0.6249
6960,0.0,0.839,0.161,-0.3612
6961,0.155,0.69,0.155,0.0
6962,0.744,0.256,0.0,0.4404
6972,0.371,0.629,0.0,0.7096
6973,0.155,0.845,0.0,0.5095
6975,0.211,0.789,0.0,0.7096
6977,0.244,0.756,0.0,0.4404
6979,0.226,0.645,0.129,0.2732
6980,0.0,1.0,0.0,0.0
6981,0.0,1.0,0.0,0.0
6982,0.0,1.0,0.0,0.0
6984,0.483,0.517,0.0,0.4215
6985,0.298,0.702,0.0,0.5255
6986,0.0,1.0,0.0,0.0
6988,0.0,1.0,0.0,0.0
6989,0.264,0.736,0.0,0.6164
6991,0.214,0.714,0.071,0.4215
6992,0.051,0.813,0.136,-0.5994
6993,0.279,0.615,0.107,0.6369
6994,0.0,1.0,0.0,0.0
6998,0.0,0.803,0.197,-0.4019
6999,0.134,0.866,0.0,0.5023
7009,0.224,0.776,0.0,0.3818
7010,0.0,1.0,0.0,0.0
7014,0.599,0.401,0.0,0.4576
7017,0.0,1.0,0.0,0.0
7018,0.266,0.734,0.0,0.4404
7031,0.492,0.508,0.0,0.4404
7033,0.145,0.75,0.105,0.1872
7035,0.326,0.674,0.0,0.4404
7037,0.725,0.275,0.0,0.6453
7038,0.0,1.0,0.0,0.0
7045,0.52,0.48,0.0,0.8251
7048,0.062,0.938,0.0,0.1796
7049,0.0,1.0,0.0,0.0
7051,0.0,1.0,0.0,0.0
7053,0.244,0.756,0.0,0.4404
7055,0.182,0.818,0.0,0.4404
7056,0.172,0.828,0.0,0.3612
7059,0.0,1.0,0.0,0.0
7060,0.209,0.791,0.0,0.4404
7064,0.286,0.714,0.0,0.4215
7065,0.0,1.0,0.0,0.0
7067,0.479,0.521,0.0,0.5574
7071,0.592,0.408,0.0,0.4404
7072,0.125,0.875,0.0,0.3775
7075,0.393,0.164,0.443,-0.0772
7076,0.366,0.634,0.0,0.6369
7086,0.195,0.805,0.0,0.4404
7089,0.722,0.278,0.0,0.3818
7090,0.0,1.0,0.0,0.0
7091,0.237,0.763,0.0,0.4215
7097,0.0,1.0,0.0,0.0
7098,0.379,0.621,0.0,0.6705
7099,0.0,1.0,0.0,0.0
7101,0.0,1.0,0.0,0.0
7102,0.0,0.783,0.217,-0.3612
7109,0.128,0.872,0.0,0.3612
7112,0.583,0.417,0.0,0.4215
7130,0.394,0.606,0.0,0.6369
7132,0.0,1.0,0.0,0.0
7136,0.14,0.86,0.0,0.0772
7141,0.215,0.785,0.0,0.6369
7142,0.219,0.781,0.0,0.7089
7143,0.0,1.0,0.0,0.0
7144,0.655,0.345,0.0,0.765
7145,0.0,1.0,0.0,0.0
7146,0.538,0.462,0.0,0.5411
7147,0.266,0.734,0.0,0.4404
7149,0.0,0.682,0.318,-0.4215
7150,0.223,0.777,0.0,0.3506
7159,0.404,0.596,0.0,0.5256
7160,0.151,0.782,0.067,0.3612
7161,0.097,0.791,0.112,-0.1027
7166,0.744,0.256,0.0,0.4404
7167,0.0,1.0,0.0,0.0
7168,0.219,0.685,0.096,0.4215
7175,0.0,1.0,0.0,0.0
7176,0.0,1.0,0.0,0.0
7178,0.483,0.517,0.0,0.4215
7182,0.293,0.707,0.0,0.4404
7183,0.0,1.0,0.0,0.0
7184,0.0,1.0,0.0,0.0
7185,0.0,1.0,0.0,0.0
7193,0.122,0.878,0.0,0.3612
7195,0.744,0.256,0.0,0.4404
7196,0.103,0.897,0.0,0.1531
7199,0.394,0.606,0.0,0.3818
7200,0.388,0.612,0.0,0.6908
7201,0.583,0.417,0.0,0.4939
7202,0.56,0.44,0.0,0.6249
7203,0.0,0.891,0.109,-0.2411
7204,0.406,0.594,0.0,0.584
7206,0.112,0.785,0.103,0.0516
7207,0.0,0.82,0.18,-0.296
7208,0.0,1.0,0.0,0.0
7210,0.183,0.611,0.206,-0.0772
7211,0.0,1.0,0.0,0.0
7213,0.0,0.856,0.144,-0.4019
7218,0.0,1.0,0.0,0.0
7219,0.0,1.0,0.0,0.0
7220,0.0,1.0,0.0,0.0
7221,0.0,0.895,0.105,-0.3535
7223,0.0,1.0,0.0,0.0
7224,0.293,0.707,0.0,0.4404
7229,0.0,0.855,0.145,-0.296
7230,0.144,0.856,0.0,0.4019
7233,0.268,0.732,0.0,0.296
7236,0.483,0.517,0.0,0.4215
7239,0.391,0.609,0.0,0.6705
7240,0.099,0.901,0.0,0.6697
7241,0.326,0.674,0.0,0.6486
7246,0.099,0.901,0.0,0.0258
7247,0.317,0.683,0.0,0.7845
7248,0.109,0.817,0.074,0.2247
7253,0.206,0.685,0.109,0.34
7254,0.0,1.0,0.0,0.0
7255,0.097,0.829,0.074,0.1263
7256,0.528,0.472,0.0,0.6801
7257,0.078,0.922,0.0,0.2144
7260,0.222,0.778,0.0,0.2484
7266,0.207,0.631,0.162,0.25
7267,0.0,1.0,0.0,0.0
7269,0.252,0.748,0.0,0.4019
7270,0.174,0.826,0.0,0.2732
7271,0.0,0.947,0.053,-0.0772
7272,0.075,0.925,0.0,0.3818
7273,0.184,0.816,0.0,0.5059
7276,0.0,0.917,0.083,-0.2263
7279,0.0,1.0,0.0,0.0
7280,0.0,1.0,0.0,0.0
7283,0.0,1.0,0.0,0.0
7295,0.0,1.0,0.0,0.0
7300,0.0,1.0,0.0,0.0
7305,0.06,0.682,0.257,-0.81
7306,0.172,0.777,0.05,0.8558
7307,0.259,0.741,0.0,0.4215
7308,0.583,0.417,0.0,0.6808
7309,0.0,0.781,0.219,-0.1027
7310,0.252,0.748,0.0,0.4019
7313,0.0,1.0,0.0,0.0
7315,0.296,0.632,0.072,0.6059
7316,0.0,0.842,0.158,-0.3089
7319,0.583,0.417,0.0,0.6808
7320,0.0,1.0,0.0,0.0
7321,0.31,0.498,0.192,0.1689
7322,0.238,0.762,0.0,0.3612
7323,0.317,0.683,0.0,0.6249
7326,0.744,0.256,0.0,0.4404
7327,0.636,0.364,0.0,0.3612
7328,0.0,1.0,0.0,0.0
7332,0.367,0.633,0.0,0.4404
7333,0.379,0.371,0.25,0.101
7337,0.0,1.0,0.0,0.0
7338,0.0,0.736,0.264,-0.659
7341,0.0,1.0,0.0,0.0
7345,0.561,0.439,0.0,0.7506
7346,0.0,0.676,0.324,-0.7351
7348,0.0,1.0,0.0,0.0
7349,0.0,0.922,0.078,-0.296
7350,0.0,1.0,0.0,0.0
7352,0.39,0.61,0.0,0.8074
7355,0.151,0.703,0.146,0.0258
7360,0.293,0.707,0.0,0.4404
7361,0.0,1.0,0.0,0.0
7362,0.0,1.0,0.0,0.0
7363,0.0,1.0,0.0,0.0
7364,0.086,0.914,0.0,0.1779
7365,0.0,0.847,0.153,-0.4019
7366,0.343,0.657,0.0,0.5719
7368,0.839,0.161,0.0,0.6369
7369,0.455,0.545,0.0,0.3612
7374,0.0,1.0,0.0,0.0
7377,0.347,0.653,0.0,0.4926
7378,0.0,1.0,0.0,0.0
7379,0.0,1.0,0.0,0.0
7383,0.1,0.9,0.0,0.2732
7384,0.179,0.755,0.066,0.5859
7387,0.0,0.857,0.143,-0.4588
7388,0.262,0.738,0.0,0.4939
7389,0.0,1.0,0.0,0.0
7391,0.0,1.0,0.0,0.0
7392,0.112,0.888,0.0,0.5267
7393,0.0,1.0,0.0,0.0
7395,0.744,0.256,0.0,0.4404
7396,0.0,0.805,0.195,-0.1761
7397,0.0,1.0,0.0,0.0
7401,0.301,0.699,0.0,0.802
7402,0.0,0.649,0.351,-0.4019
7403,0.08,0.92,0.0,0.4019
7408,0.367,0.633,0.0,0.4404
7412,0.0,1.0,0.0,0.0
7413,0.0,1.0,0.0,0.0
7414,0.0,0.845,0.155,-0.296
7415,0.0,1.0,0.0,0.0
7421,0.125,0.875,0.0,0.2144
7425,0.592,0.408,0.0,0.4404
7426,0.0,1.0,0.0,0.0
7428,0.0,1.0,0.0,0.0
7431,0.42,0.58,0.0,0.4404
7437,0.278,0.722,0.0,0.4019
7438,0.152,0.848,0.0,0.3612
7439,0.126,0.806,0.068,0.3167
7440,0.341,0.659,0.0,0.6908
7441,0.0,1.0,0.0,0.0
7442,0.0,0.718,0.282,-0.2411
7449,0.0,1.0,0.0,0.0
7455,0.0,0.789,0.211,-0.1531
7456,0.535,0.465,0.0,0.8481
7459,0.0,1.0,0.0,0.0
7460,0.359,0.641,0.0,0.4215
7461,0.238,0.762,0.0,0.3612
7462,0.278,0.722,0.0,0.4019
7463,0.273,0.559,0.168,0.1779
7464,0.157,0.843,0.0,0.4215
7465,0.0,1.0,0.0,0.0
7468,0.0,1.0,0.0,0.0
7471,0.0,0.881,0.119,-0.4019
7476,0.0,1.0,0.0,0.0
7478,0.0,1.0,0.0,0.0
7479,0.0,0.949,0.051,-0.3612
7480,0.0,0.781,0.219,-0.1027
7481,0.0,1.0,0.0,0.0
7482,0.134,0.791,0.075,0.2919
7483,0.0,1.0,0.0,0.0
7484,0.301,0.699,0.0,0.6808
7485,0.219,0.781,0.0,0.4215
7487,0.492,0.508,0.0,0.4404
7488,0.147,0.853,0.0,0.2263
7491,0.272,0.728,0.0,0.7269
7494,0.13,0.87,0.0,0.6249
7496,0.0,1.0,0.0,0.0
7499,0.0,1.0,0.0,0.0
7500,0.0,0.865,0.135,-0.1027
7502,0.0,1.0,0.0,0.0
7503,0.193,0.697,0.111,0.25
7504,0.269,0.731,0.0,0.5279
7513,0.588,0.412,0.0,0.6908
7516,0.161,0.839,0.0,0.3612
7517,0.592,0.408,0.0,0.4404
7520,0.091,0.909,0.0,0.4404
7521,0.0,1.0,0.0,0.0
7522,0.0,1.0,0.0,0.0
7523,0.252,0.748,0.0,0.7236
7525,0.0,1.0,0.0,0.0
7529,0.218,0.669,0.113,0.3612
7530,0.494,0.506,0.0,0.4466
7532,0.266,0.734,0.0,0.5622
7534,0.574,0.426,0.0,0.4019
7540,0.39,0.61,0.0,0.4939
7541,0.114,0.636,0.25,-0.4939
7546,0.0,0.787,0.213,-0.4019
7547,0.17,0.789,0.041,0.7504
7548,0.384,0.616,0.0,0.6808
7551,0.592,0.408,0.0,0.4404
7552,0.231,0.553,0.216,0.0772
7553,0.369,0.631,0.0,0.6249
7562,0.134,0.866,0.0,0.1779
7567,0.0,0.597,0.403,-0.4019
7570,0.202,0.798,0.0,0.6486
7571,0.0,1.0,0.0,0.0
7572,0.592,0.408,0.0,0.4404
7579,0.152,0.848,0.0,0.34
7580,0.263,0.737,0.0,0.6908
7583,0.157,0.843,0.0,0.0772
7584,0.0,1.0,0.0,0.0
7585,0.0,1.0,0.0,0.0
7589,0.0,1.0,0.0,0.0
7612,0.0,0.748,0.252,-0.4019
7613,0.0,1.0,0.0,0.0
7619,0.204,0.728,0.068,0.5859
7620,0.11,0.89,0.0,0.3818
7622,0.0,1.0,0.0,0.0
7623,0.234,0.565,0.2,0.1078
7626,0.592,0.408,0.0,0.4404
7627,0.175,0.723,0.102,0.2975
7628,0.0,1.0,0.0,0.0
7634,0.3,0.222,0.478,-0.3818
7635,0.127,0.873,0.0,0.2235
7636,0.0,0.876,0.124,-0.4767
7637,0.524,0.476,0.0,0.6705
7640,0.362,0.638,0.0,0.7783
7641,0.087,0.802,0.111,-0.128
7642,0.0,1.0,0.0,0.0
7643,0.592,0.408,0.0,0.4404
7648,0.0,1.0,0.0,0.0
7649,0.091,0.909,0.0,0.2263
7652,0.0,1.0,0.0,0.0
7656,0.259,0.741,0.0,0.6808
7660,0.173,0.827,0.0,0.3182
7664,0.577,0.423,0.0,0.802
7665,0.162,0.838,0.0,0.4391
7666,0.075,0.925,0.0,0.1779
7672,0.75,0.25,0.0,0.4576
7673,0.0,0.745,0.255,-0.5859
7674,0.744,0.256,0.0,0.4404
7675,0.607,0.393,0.0,0.4754
7676,0.492,0.508,0.0,0.4404
7681,0.608,0.392,0.0,0.4767
7682,0.0,1.0,0.0,0.0
7683,0.0,0.906,0.094,-0.4019
7688,0.0,1.0,0.0,0.0
7689,0.0,1.0,0.0,0.0
7694,0.592,0.408,0.0,0.4404
7696,0.326,0.674,0.0,0.4404
7697,0.0,0.89,0.11,-0.1531
7699,0.0,1.0,0.0,0.0
7700,0.0,1.0,0.0,0.0
7703,0.492,0.508,0.0,0.4404
7711,0.0,0.855,0.145,-0.6956
7712,0.257,0.743,0.0,0.63
7713,0.0,1.0,0.0,0.0
7715,0.186,0.814,0.0,0.4939
7717,0.118,0.755,0.127,-0.0516
7719,0.0,1.0,0.0,0.0
7723,0.753,0.247,0.0,0.7269
7728,0.0,1.0,0.0,0.0
7729,0.277,0.723,0.0,0.3182
7733,0.412,0.588,0.0,0.4215
7735,0.319,0.442,0.239,-0.0258
7738,0.212,0.66,0.127,0.2023
7747,0.0,1.0,0.0,0.0
7748,0.167,0.833,0.0,0.34
7755,0.0,1.0,0.0,0.0
7756,0.556,0.444,0.0,0.3612
7758,0.0,1.0,0.0,0.0
7762,0.0,1.0,0.0,0.0
7770,0.0,1.0,0.0,0.0
7774,0.0,1.0,0.0,0.0
7775,0.0,1.0,0.0,0.0
7778,0.351,0.649,0.0,0.4019
7780,0.744,0.256,0.0,0.4404
7794,0.428,0.572,0.0,0.4576
7795,0.0,1.0,0.0,0.0
7799,0.0,0.526,0.474,-0.4019
7803,0.209,0.791,0.0,0.4404
7812,0.0,1.0,0.0,0.0
7813,0.0,1.0,0.0,0.0
7814,0.0,1.0,0.0,0.0
7820,0.0,1.0,0.0,0.0
7831,0.075,0.864,0.061,0.128
7832,0.248,0.752,0.0,0.4522
7835,0.0,0.783,0.217,-0.3612
7837,0.0,1.0,0.0,0.0
7841,0.0,0.877,0.123,-0.1027
7842,0.0,1.0,0.0,0.0
7845,0.111,0.628,0.261,-0.4767
7846,0.579,0.421,0.0,0.6705
7851,0.0,1.0,0.0,0.0
7852,0.0,1.0,0.0,0.0
7853,0.0,0.78,0.22,-0.4782
7854,0.094,0.781,0.125,-0.1546
7855,0.0,1.0,0.0,0.0
7857,0.394,0.606,0.0,0.3818
7858,0.0,0.517,0.483,-0.4215
7859,0.0,1.0,0.0,0.0
7863,0.0,0.5,0.5,-0.4588
7864,0.33,0.309,0.361,-0.0772
7865,0.0,1.0,0.0,0.0
7869,0.403,0.597,0.0,0.6597
7870,0.172,0.828,0.0,0.4019
7874,0.305,0.695,0.0,0.6908
7875,0.206,0.794,0.0,0.3818
7876,0.0,1.0,0.0,0.0
7877,0.109,0.891,0.0,0.4019
7879,0.535,0.465,0.0,0.5574
7884,0.0,1.0,0.0,0.0
7887,0.375,0.625,0.0,0.4939
7888,0.0,0.876,0.124,-0.4782
7889,0.0,1.0,0.0,0.0
7890,0.0,1.0,0.0,0.0
7895,0.135,0.865,0.0,0.3612
7896,0.12,0.88,0.0,0.5267
7904,0.217,0.629,0.154,0.2263
7908,0.0,1.0,0.0,0.0
7913,0.223,0.777,0.0,0.3182
7915,0.0,1.0,0.0,0.0
7916,0.0,1.0,0.0,0.0
7918,0.0,1.0,0.0,0.0
7919,0.209,0.791,0.0,0.4404
7920,0.172,0.828,0.0,0.3612
7921,0.0,1.0,0.0,0.0
7922,0.286,0.714,0.0,0.5267
7923,0.181,0.819,0.0,0.6249
7924,0.215,0.506,0.278,-0.128
7925,0.0,1.0,0.0,0.0
7926,0.066,0.778,0.156,-0.4767
7929,0.326,0.674,0.0,0.4404
7930,0.0,0.875,0.125,-0.5927
7933,0.263,0.737,0.0,0.6115
7935,0.0,1.0,0.0,0.0
7936,0.0,1.0,0.0,0.0
7937,0.0,0.597,0.403,-0.4019
7938,0.598,0.402,0.0,0.4549
7939,0.286,0.714,0.0,0.3415
7940,0.0,1.0,0.0,0.0
7942,0.0,1.0,0.0,0.0
7943,0.31,0.69,0.0,0.4019
7944,0.0,1.0,0.0,0.0
7945,0.403,0.597,0.0,0.6597
7946,0.297,0.54,0.163,0.4088
7951,0.744,0.256,0.0,0.4404
7952,0.0,1.0,0.0,0.0
7953,0.0,1.0,0.0,0.0
7954,0.0,0.748,0.252,-0.4019
7955,0.0,1.0,0.0,0.0
7956,0.184,0.816,0.0,0.4019
7960,0.0,1.0,0.0,0.0
7961,0.0,0.872,0.128,-0.2263
7962,0.209,0.791,0.0,0.4404
7963,0.0,1.0,0.0,0.0
7964,0.192,0.641,0.166,0.0946
7966,0.42,0.58,0.0,0.4404
7967,0.0,1.0,0.0,0.0
7968,0.0,0.492,0.508,-0.4767
7970,0.0,1.0,0.0,0.0
7971,0.0,1.0,0.0,0.0
7972,0.0,1.0,0.0,0.0
7973,0.499,0.501,0.0,0.2484
7976,0.42,0.58,0.0,0.4404
7977,0.0,0.918,0.082,-0.3612
7978,0.0,1.0,0.0,0.0
7979,0.0,1.0,0.0,0.0
7982,0.744,0.256,0.0,0.4404
7983,0.244,0.756,0.0,0.4404
7986,0.175,0.663,0.163,0.0516
7987,0.375,0.625,0.0,0.2023
7993,0.259,0.741,0.0,0.4215
7994,0.33,0.67,0.0,0.9062
7995,0.0,1.0,0.0,0.0
7996,0.0,1.0,0.0,0.0
7997,0.0,0.577,0.423,-0.296
7999,0.238,0.762,0.0,0.3612
8000,0.266,0.734,0.0,0.4404
8003,0.0,1.0,0.0,0.0
8004,0.266,0.734,0.0,0.4404
8005,0.492,0.508,0.0,0.7003
8006,0.0,1.0,0.0,0.0
8008,0.0,1.0,0.0,0.0
8012,0.286,0.714,0.0,0.6808
8014,0.392,0.455,0.153,0.4939
8016,0.152,0.733,0.115,0.1779
8017,0.0,0.853,0.147,-0.3412
8018,0.0,1.0,0.0,0.0
8019,0.169,0.718,0.113,0.3911
8020,0.0,1.0,0.0,0.0
8026,0.0,1.0,0.0,0.0
8027,0.0,0.682,0.318,-0.1027
8028,0.15,0.607,0.243,-0.25
8029,0.528,0.472,0.0,0.6808
8044,0.0,1.0,0.0,0.0
8045,0.136,0.799,0.065,0.4404
8046,0.326,0.674,0.0,0.4404
8053,0.0,0.804,0.196,-0.296
8054,0.194,0.806,0.0,0.34
8055,0.0,0.707,0.293,-0.4404
8073,0.0,1.0,0.0,0.0
8074,0.0,1.0,0.0,0.0
8075,0.0,1.0,0.0,0.0
8079,0.0,0.887,0.113,-0.1027
8080,0.0,0.775,0.225,-0.4404
8095,0.244,0.756,0.0,0.4404
8096,0.0,1.0,0.0,0.0
8099,0.0,0.932,0.068,-0.34
8104,0.0,1.0,0.0,0.0
8111,0.0,1.0,0.0,0.0
8112,0.0,1.0,0.0,0.0
8113,0.309,0.606,0.085,0.5719
8114,0.0,1.0,0.0,0.0
8120,0.0,1.0,0.0,0.0
8131,0.293,0.707,0.0,0.4404
8132,0.0,1.0,0.0,0.0
8149,0.119,0.881,0.0,0.4019
8150,0.363,0.637,0.0,0.6908
8156,0.0,0.78,0.22,-0.3089
8160,0.205,0.795,0.0,0.4754
8165,0.496,0.504,0.0,0.7845
8166,0.107,0.687,0.206,-0.3818
8178,0.255,0.745,0.0,0.6249
8184,0.231,0.769,0.0,0.6597
8185,0.0,0.811,0.189,-0.4215
8193,0.223,0.687,0.09,0.4777
8196,0.0,1.0,0.0,0.0
8197,0.0,1.0,0.0,0.0
8210,0.357,0.643,0.0,0.6124
8211,0.136,0.723,0.141,-0.0191
8212,0.0,1.0,0.0,0.0
8213,0.147,0.598,0.255,-0.25
8214,0.0,0.633,0.367,-0.4404
8215,0.0,1.0,0.0,0.0
8219,0.057,0.943,0.0,0.3182
8220,0.072,0.928,0.0,0.4019
8221,0.069,0.874,0.057,0.128
8231,0.531,0.469,0.0,0.7777
8232,0.0,0.577,0.423,-0.296
8233,0.0,0.47,0.53,-0.3089
8234,0.25,0.75,0.0,0.6124
8244,0.15,0.85,0.0,0.4588
8245,0.0,1.0,0.0,0.0
8246,0.201,0.799,0.0,0.6988
8247,0.084,0.838,0.078,0.0516
8248,0.344,0.656,0.0,0.902
8249,0.0,1.0,0.0,0.0
8251,0.182,0.657,0.161,0.0772
8252,0.0,1.0,0.0,0.0
8254,0.367,0.633,0.0,0.6997
8256,0.0,0.856,0.144,-0.4019
8257,0.0,1.0,0.0,0.0
8258,0.0,1.0,0.0,0.0
8259,0.0,1.0,0.0,0.0
8260,0.0,1.0,0.0,0.0
8261,0.313,0.687,0.0,0.6249
8262,0.339,0.661,0.0,0.802
8263,0.0,0.69,0.31,-0.4019
8264,0.194,0.556,0.25,-0.1531
8265,0.252,0.748,0.0,0.4019
8266,0.133,0.743,0.125,0.0772
8267,0.333,0.667,0.0,0.3612
8270,0.172,0.828,0.0,0.4019
8278,0.0,0.865,0.135,-0.2944
8279,0.0,1.0,0.0,0.0
8297,0.0,1.0,0.0,0.0
8298,0.0,0.744,0.256,-0.8225
8300,0.097,0.763,0.14,-0.2263
8301,0.0,0.83,0.17,-0.6289
8318,0.088,0.912,0.0,0.3612
8326,0.0,1.0,0.0,0.0
8327,0.077,0.923,0.0,0.2732
8328,0.0,1.0,0.0,0.0
8329,0.19,0.523,0.287,-0.124
8331,0.0,0.789,0.211,-0.7096
8332,0.0,1.0,0.0,0.0
8364,0.358,0.642,0.0,0.4199
8378,0.0,0.787,0.213,-0.4019
8424,0.0,1.0,0.0,0.0
8425,0.0,1.0,0.0,0.0
8426,0.0,0.783,0.217,-0.3612
8435,0.172,0.828,0.0,0.4019
8436,0.214,0.786,0.0,0.4588
8437,0.193,0.741,0.067,0.6249
8444,0.121,0.654,0.224,-0.296
8453,0.412,0.588,0.0,0.6808
8454,0.0,1.0,0.0,0.0
8457,0.136,0.864,0.0,0.4735
8470,0.451,0.549,0.0,0.6249
8471,0.677,0.323,0.0,0.6369
8479,0.0,1.0,0.0,0.0
8482,0.161,0.839,0.0,0.3612
8483,0.528,0.472,0.0,0.6808
8485,0.17,0.752,0.078,0.4215
8487,0.162,0.838,0.0,0.6597
8505,0.0,1.0,0.0,0.0
8506,0.384,0.447,0.169,0.3397
8507,0.157,0.843,0.0,0.4215
8508,0.094,0.796,0.11,-0.09
8509,0.053,0.914,0.033,0.1779
8510,0.038,0.924,0.038,0.0
8512,0.352,0.648,0.0,0.4215
8513,0.0,1.0,0.0,0.0
8514,0.0,0.793,0.207,-0.5719
8515,0.0,1.0,0.0,0.0
8517,0.174,0.695,0.131,0.1882
8518,0.107,0.7,0.193,-0.3818
8531,0.189,0.811,0.0,0.2732
8557,0.321,0.679,0.0,0.7964
8559,0.576,0.424,0.0,0.6213
8567,0.078,0.922,0.0,0.4215
8578,0.0,1.0,0.0,0.0
8579,0.0,0.709,0.291,-0.544
8582,0.737,0.263,0.0,0.4215
8583,0.172,0.828,0.0,0.4019
8584,0.0,0.778,0.222,-0.6908
8593,0.861,0.139,0.0,0.7345
8600,0.0,0.639,0.361,-0.3089
8601,0.0,1.0,0.0,0.0
8602,0.0,1.0,0.0,0.0
8603,0.091,0.909,0.0,0.1779
8605,0.109,0.891,0.0,0.7096
8608,0.0,0.83,0.17,-0.3089
8616,0.0,0.645,0.355,-0.296
8635,0.491,0.509,0.0,0.6997
8649,0.252,0.748,0.0,0.4019
8650,0.0,1.0,0.0,0.0
8651,0.0,0.639,0.361,-0.6979
8652,0.0,1.0,0.0,0.0
8653,0.0,1.0,0.0,0.0
8654,0.0,1.0,0.0,0.0
8658,0.136,0.864,0.0,0.4588
8659,0.168,0.751,0.081,0.4404
8660,0.188,0.812,0.0,0.4173
8661,0.0,0.901,0.099,-0.3182
8662,0.0,1.0,0.0,0.0
8663,0.065,0.935,0.0,0.2023
8664,0.0,0.828,0.172,-0.4019
8666,0.177,0.823,0.0,0.4215
8667,0.346,0.654,0.0,0.7824
8669,0.057,0.845,0.098,-0.2411
8670,0.224,0.629,0.147,0.402
8673,0.54,0.46,0.0,0.5719
8676,0.081,0.808,0.111,-0.2006
8677,0.073,0.751,0.176,-0.5574
8681,0.0,1.0,0.0,0.0
8724,0.0,1.0,0.0,0.0
8755,0.091,0.909,0.0,0.2023
8756,0.157,0.843,0.0,0.6808
8760,0.167,0.666,0.167,0.0018
8768,0.197,0.803,0.0,0.4019
8769,0.0,1.0,0.0,0.0
8772,0.2,0.519,0.281,-0.2716
8813,0.634,0.366,0.0,0.6369
8818,0.465,0.535,0.0,0.8271
8837,0.58,0.42,0.0,0.7845
8838,0.095,0.672,0.233,-0.5413
8846,0.0,1.0,0.0,0.0
8861,0.0,1.0,0.0,0.0
8862,0.0,0.862,0.138,-0.1531
8863,0.262,0.738,0.0,0.7552
8898,0.278,0.722,0.0,0.4019
8899,0.108,0.892,0.0,0.1779
8900,0.347,0.653,0.0,0.4927
8901,0.0,1.0,0.0,0.0
8918,0.179,0.821,0.0,0.34
8919,0.313,0.687,0.0,0.6249
8926,0.088,0.868,0.043,0.4215
8935,0.186,0.814,0.0,0.4927
8936,0.0,0.856,0.144,-0.4019
8946,0.0,1.0,0.0,0.0
8947,0.0,1.0,0.0,0.0
8948,0.0,0.83,0.17,-0.3089
8949,0.0,1.0,0.0,0.0
8960,0.0,1.0,0.0,0.0
8973,0.0,1.0,0.0,0.0
8982,0.459,0.541,0.0,0.6249
8998,0.186,0.814,0.0,0.6249
9002,0.0,0.748,0.252,-0.4019
9003,0.0,1.0,0.0,0.0
9010,0.0,0.822,0.178,-0.6597
9016,0.0,0.898,0.102,-0.3612
9017,0.173,0.827,0.0,0.3182
9080,0.412,0.588,0.0,0.6369
9081,0.231,0.769,0.0,0.4588
9088,0.0,0.476,0.524,-0.296
9103,0.326,0.674,0.0,0.4404
9104,0.0,0.492,0.508,-0.4767
9105,0.0,1.0,0.0,0.0
9129,0.0,0.466,0.534,-0.3167
9130,0.0,1.0,0.0,0.0
9131,0.172,0.828,0.0,0.4404
9132,0.0,1.0,0.0,0.0
9147,0.329,0.671,0.0,0.5994
9148,0.211,0.789,0.0,0.6808
9149,0.0,0.891,0.109,-0.296
9159,0.252,0.748,0.0,0.4019
9191,0.0,0.726,0.274,-0.7506
9192,0.0,1.0,0.0,0.0
9193,0.0,1.0,0.0,0.0
9210,0.687,0.313,0.0,0.7639
9211,0.413,0.587,0.0,0.8898
9225,0.0,0.72,0.28,-0.3252
9226,0.0,0.882,0.118,-0.3412
9246,0.368,0.632,0.0,0.5413
9249,0.135,0.476,0.389,-0.4939
9250,0.054,0.946,0.0,0.0516
9259,0.256,0.744,0.0,0.4754
9262,0.508,0.492,0.0,0.8519
9263,0.152,0.733,0.115,0.1761
9264,0.478,0.522,0.0,0.6696
9269,0.197,0.803,0.0,0.4019
9270,0.0,1.0,0.0,0.0
9272,0.714,0.286,0.0,0.6124
9275,0.0,1.0,0.0,0.0
9303,0.175,0.797,0.029,0.9253
9304,0.0,1.0,0.0,0.0
9305,0.189,0.811,0.0,0.2732
9335,0.0,1.0,0.0,0.0
9336,0.263,0.737,0.0,0.3612
9378,0.419,0.581,0.0,0.7579
9391,0.119,0.881,0.0,0.4019
9424,0.0,1.0,0.0,0.0
9425,0.0,1.0,0.0,0.0
9427,0.115,0.697,0.189,-0.2023
9428,0.128,0.872,0.0,0.3612
9443,0.0,1.0,0.0,0.0
9444,0.137,0.863,0.0,0.4019
9454,0.22,0.569,0.211,0.0258
9455,0.215,0.67,0.114,0.2759
9463,0.0,1.0,0.0,0.0
9480,0.329,0.244,0.427,-0.2023
9481,0.29,0.71,0.0,0.6934
9482,0.0,0.811,0.189,-0.2732
9486,0.126,0.874,0.0,0.0772
9487,0.266,0.734,0.0,0.7003
9488,0.0,1.0,0.0,0.0
9503,0.0,1.0,0.0,0.0
9504,0.133,0.867,0.0,0.3818
9505,0.0,0.868,0.132,-0.1326
9515,0.0,0.909,0.091,-0.296
9516,0.093,0.907,0.0,0.2382
9532,0.435,0.565,0.0,0.7717
9533,0.0,0.633,0.367,-0.7003
9536,0.337,0.663,0.0,0.6808
9537,0.0,0.794,0.206,-0.3252
9538,0.234,0.766,0.0,0.7884
9539,0.153,0.847,0.0,0.4019
9540,0.0,0.847,0.153,-0.4019
9556,0.0,1.0,0.0,0.0
9557,0.123,0.877,0.0,0.5859
9580,0.0,1.0,0.0,0.0
9581,0.0,1.0,0.0,0.0
9582,0.0,0.797,0.203,-0.4215
9598,0.231,0.769,0.0,0.4019
9599,0.245,0.755,0.0,0.856
9600,0.0,1.0,0.0,0.0
9611,0.536,0.464,0.0,0.7964
9612,0.416,0.584,0.0,0.7506
9613,0.0,0.912,0.088,-0.4015
9614,0.0,0.87,0.13,-0.5106
